-0.0795,-0.0851,512
0.1020,-0.1364,512
-0.4675,-0.2015,512
-0.4474,-0.1790,512
-0.4987,-0.0025,512
0.2434,-0.2140,512
0.0607,-0.1101,512
-0.0895,-0.0939,512
-0.0044,-0.3767,512
-0.1320,-0.0901,512
0.0645,-0.0513,512
0.0207,-0.2641,512
0.1984,0.0000,512
-0.1571,-0.1239,512
0.0557,-0.2616,512
0.2860,-0.1927,512
-0.2121,-0.2078,512
-0.2109,-0.1965,512
0.5000,-0.2879,512
0.0407,-0.3742,512
-0.5000,-0.5419,512
-0.0432,-0.0901,512
-0.1733,-0.2165,512
-0.4599,-0.1402,512
0.0745,-0.3605,512
0.4912,-0.2703,512
0.4687,-0.7146,512
0.2660,-0.3942,512
0.0119,-0.0701,512
0.4987,-0.2666,512
0.4499,-0.3104,512
-0.2009,-0.2153,512
0.2885,-0.2003,512
0.0194,-0.0889,512
-0.1421,-0.0713,512
0.4349,-0.3204,512
0.2009,-0.2065,512
-0.0257,-0.1327,512
-0.1646,-0.1051,512
0.0795,-0.1564,512
-0.0657,-0.1139,512
0.3986,-0.2703,512
-0.2447,-0.0638,512
-0.1483,-0.1151,512
-0.0532,-0.5720,512
0.4825,-0.3429,512
-0.0620,-0.1514,512
0.2409,-0.2478,512
-0.0194,-0.1264,512
0.3473,-0.2891,512
-0.1295,-0.1252,512
-0.0607,-0.1427,512
0.1783,-0.2441,512
-0.1583,-0.1114,512
0.4212,-0.4093,512
-0.1708,-0.1039,512
-0.1621,-0.0989,512
0.1984,-0.2716,512
-0.2935,-0.4155,512
-0.5000,-0.0839,512
0.1934,-0.2691,512
0.0707,-0.5031,512
0.1458,-0.2766,512
0.4312,-0.9262,512
0.4487,-0.4005,512
0.2384,-0.2441,512
-0.2159,-0.1064,512
-0.2059,-0.1176,512
-0.0807,-0.1464,512
0.4462,-0.4143,512
-0.0695,-0.1252,512
0.5000,-0.0363,512
0.3748,-0.4456,512
0.2647,-0.4168,512
-0.1508,-0.1627,512
-0.0932,-0.2053,512
-0.2109,-0.7610,512
0.1108,-0.3079,512
0.1333,-0.3304,512
-0.0194,-0.2516,512
-0.1395,-0.2065,512
0.1045,-0.3417,512
-0.1671,-0.2140,512
-0.1183,-0.2128,512
-0.1033,-0.2378,512
-0.0957,-0.2303,512
0.3711,-0.5031,512
-0.1270,-0.2328,512
-0.1033,-0.4080,512
-0.1408,-0.2190,512
0.2334,-0.4743,512
-0.0670,-0.2816,512
0.3911,-0.5707,512
0.2647,-0.4981,512
0.1809,-0.4618,512
0.2084,-0.5169,512
-0.3686,-0.1051,512
0.4299,-0.6671,512
-0.1971,-0.2228,512
-0.1195,-0.2728,512
-0.1834,-0.2253,512
-0.1521,-0.2641,512
0.3098,-0.5720,512
0.0382,-0.3880,512
0.2059,-0.4981,512
0.5000,-0.7096,512
0.2947,-0.5657,512
0.0094,-0.3830,512
-0.1421,-0.2553,512
0.3436,-0.5882,512
-0.1458,-0.2628,512
-0.0031,-0.4243,512
0.2947,-0.6220,512
0.1621,-0.5106,512
-0.1658,-0.2778,512
0.1846,-0.5394,512
-0.1733,-0.2778,512
0.2722,-0.1502,512
-0.1771,-0.2753,512
-0.1533,-0.2766,512
0.1683,-0.5357,512
0.0519,-0.4330,512
-0.0419,-0.3867,512
-0.2409,-0.9299,512
-0.2009,-0.2866,512
-0.2009,-0.2666,512
-0.1834,-0.2829,512
-0.1771,-0.2653,512
0.0019,-0.4280,512
0.2710,-0.6258,512
-0.1946,-0.2791,512
-0.1433,-0.3066,512
0.0620,-0.4844,512
-0.2109,-0.2466,512
-0.0181,-0.4406,512
-0.2484,-0.2378,512
-0.1934,-0.2866,512
-0.1546,-0.3191,512
-0.1758,-0.3079,512
0.0056,-0.4493,512
-0.1746,-0.3004,512
-0.0444,-0.6758,512
0.1496,-0.5319,512
-0.2322,-0.3304,512
-0.0382,-0.4305,512
-0.1658,-0.2829,512
-0.0019,-0.4343,512
-0.2735,-0.1589,512
-0.0432,-0.4380,512
0.2096,-0.8010,512
-0.0344,-0.4355,512
-0.4825,-0.3605,512
-0.0269,-0.4293,512
-0.0407,-0.4180,512
-0.2872,-0.3980,512
-0.1821,-0.2691,512
0.3586,-0.2190,512
-0.1533,-0.3680,512
0.4474,-0.7622,512
-0.0620,-0.4343,512
-0.2372,-0.3054,512
0.3548,-1.0000,512
0.0870,-0.5532,512
-0.1083,-0.3855,512
0.0044,-0.3354,512
0.0307,-0.8636,512
-0.3949,-0.6959,512
0.1283,-0.5344,512
-0.4262,-0.1564,512
0.3874,-0.2678,512
0.1421,-0.4030,512
0.5000,-0.7096,512
-0.3148,-0.9299,512
-0.0457,-0.4280,512
-0.1721,-0.4343,512
-0.4287,-0.2491,512
-0.4249,-0.2603,512
-0.1258,-0.4731,512
-0.1909,-0.3217,512
-0.1383,-0.4556,512
0.2897,-0.7159,512
-0.3886,-0.0676,512
0.0432,-0.6446,512
-0.3335,-0.4994,512
0.3398,-0.2653,512
0.2722,-0.7021,512
-0.4262,-0.7947,512
-0.0670,-0.0926,512
-0.2497,-0.3217,512
-0.1471,-0.4093,512
0.0607,-0.2916,512
0.2935,-0.1977,512
0.0369,-0.3517,512
-0.3298,-0.5770,512
-0.2785,-0.3329,512
-0.2534,-0.1452,512
-0.4362,-0.1527,512
0.0369,-0.6946,512
-0.0982,-0.4656,512
-0.1608,-0.4468,512
-0.2134,-0.7459,512
-0.1070,-0.4731,512
-0.0882,-0.5044,512
-0.0031,-0.4168,512
-0.0845,-0.4280,512
0.0282,-0.6270,512
0.3636,-0.4456,512
0.4124,-0.8148,512
-0.1270,-0.5069,512
0.4750,-0.1652,512
-0.1471,-0.4643,512
-0.1208,-0.4793,512
-0.1208,-0.5031,512
-0.1370,-0.5031,512
-0.0394,-0.1189,512
-0.0344,-0.4556,512
0.1771,-0.5207,512
-0.4612,-0.7810,512
-0.2947,-0.6345,512
0.4637,-0.2315,512
-0.0995,-0.5181,512
0.1358,-0.3717,512
-0.0632,-0.4406,512
0.4111,-0.8135,512
-0.4412,-0.6834,512
-0.4562,-0.2115,512
0.4737,-0.1239,512
0.3060,-0.6033,512
-0.1583,-0.7547,512
0.0244,-0.4393,512
0.0156,-0.4180,512
0.4574,-0.2328,512
0.4349,-0.9737,512
0.1708,-0.2904,512
0.0006,-0.4343,512
-0.4449,-0.8085,512
-0.0094,-0.4068,512
0.0056,-0.4105,512
0.4987,-0.0325,512
-0.0970,-0.4819,512
0.5000,-0.0375,512
-0.1120,-0.5169,512
-0.2434,-0.6008,512
0.5000,-0.0426,512
0.2259,-0.8185,512
-0.1871,-0.2866,512
-0.0019,-0.4243,512
0.3210,-0.6571,512
-0.0344,-0.4969,512
-0.3085,-0.2941,512
0.0106,-0.4293,512
0.2284,-0.3980,512
0.4512,-0.6220,512
-0.0282,-0.4493,512
-0.1245,-0.5432,512
0.2960,-1.0000,512
0.2309,-0.2353,512
0.4750,-0.1990,512
0.0257,-0.4205,512
0.3223,-0.6583,512
-0.0194,-0.4368,512
-0.3836,-0.1327,512
0.0257,-0.4643,512
-0.2309,-0.6496,512
0.0269,-0.4055,512
-0.4024,-0.7247,512
0.0382,-0.4043,512
0.3611,-0.7522,512
-0.0094,-0.4330,512
0.4987,-0.8235,512
0.0257,-0.4606,512
0.1058,-0.4631,512
-0.2547,-0.6896,512
-0.0795,-0.5156,512
0.1058,-0.5369,512
0.1008,-0.4743,512
0.4549,-0.7196,512
0.4975,-0.0013,512
-0.1020,-0.0050,512
0.0106,-0.4168,512
-0.3961,-0.5294,512
0.0282,-0.4218,512
0.3949,-0.6621,512
-0.3398,-0.9850,512
0.0670,-0.4105,512
0.0757,-0.4543,512
0.1170,-0.4706,512
0.0670,-0.4368,512
0.1295,-0.4731,512
0.0332,-0.4180,512
0.0344,-0.3980,512
0.5000,-0.1652,512
-0.4737,-0.0889,512
-0.3598,-0.6821,512
0.4387,-0.7222,512
-0.1370,-0.5507,512
0.0244,-0.4193,512
0.2722,-0.2453,512
-0.2822,-0.9987,512
0.0369,-0.4393,512
0.0607,-0.4018,512
0.0682,-0.4481,512
-0.4875,-0.2328,512
0.5000,-0.0626,512
0.3260,-0.1289,512
0.2309,-0.2991,512
0.1320,-0.4844,512
0.4837,-0.1176,512
-0.4675,-0.2991,512
-0.4837,-0.2628,512
-0.5000,-0.2165,512
0.4399,-0.1252,512
-0.4987,-0.0100,512
0.5000,-0.9086,512
0.5000,-0.0588,512
-0.1771,-0.9950,512
-0.4249,-0.4906,512
-0.3060,-0.1402,512
0.1608,-0.4994,512
0.0870,-0.4018,512
-0.1471,-0.2703,512
-0.1208,-0.2603,512
0.0732,-0.3930,512
-0.4975,-0.0125,512
0.1809,-0.3867,512
-0.0920,-0.5807,512
-0.4912,-0.6170,512
-0.3461,-0.1902,512
0.0970,-0.4305,512
-0.4224,-0.0350,512
0.4224,-0.1652,512
0.0056,-0.4756,512
0.4449,-0.4468,512
-0.4987,-0.9875,512
0.5000,-0.0713,512
0.0169,-0.1715,512
0.1008,-0.4243,512
0.4975,-0.0576,512
0.0620,-0.9875,512
0.5000,-0.0638,512
0.2372,-0.2879,512
0.5000,-0.0538,512
-0.0131,-0.5557,512
-0.1295,-0.1477,512
0.1370,-0.3992,512
0.1746,-0.3830,512
-0.0957,-0.5620,512
-0.1383,-0.5269,512
0.0569,-0.3942,512
0.0870,-0.4543,512
0.5000,-0.0413,512
0.1508,-0.4218,512
0.4950,-0.3805,512
0.2222,-0.3267,512
0.2672,-0.2190,512
-0.4474,-0.2441,512
-0.2872,-0.5207,512
-0.0770,-0.6283,512
0.4712,-0.2153,512
-0.1871,-0.2528,512
-0.2672,-0.4205,512
-0.2347,-0.6308,512
0.2259,-0.2816,512
0.0282,-0.4155,512
0.0444,-0.4105,512
0.2334,-0.2791,512
0.2284,-0.2879,512
0.2109,-0.3066,512
0.0544,-0.4068,512
-0.4086,-0.7347,512
-0.0344,-0.4556,512
0.0432,-0.4005,512
0.1996,-0.2703,512
0.0282,-0.9299,512
0.2222,-0.2753,512
0.2610,-0.2328,512
-0.3611,-0.7660,512
0.2372,-0.2528,512
0.2222,-0.2416,512
0.3936,-0.1239,512
0.0507,-0.4218,512
0.4937,-0.0288,512
0.2222,-0.2603,512
0.0332,-0.4205,512
0.2209,-0.2403,512
-0.4700,-0.0063,512
0.0194,-0.3905,512
-0.4287,-0.1927,512
-0.2935,-0.6471,512
0.2647,-0.2090,512
0.4937,-0.0238,512
-0.4662,-0.7409,512
0.1846,-0.2566,512
0.4337,-0.9975,512
-0.1971,-0.5106,512
0.2084,-0.2416,512
-0.1909,-0.5069,512
-0.2171,-0.5006,512
0.2046,-0.2378,512
0.2222,-0.2215,512
0.2171,-0.2215,512
0.0757,-0.5657,512
0.2222,-0.2053,512
0.1934,-0.2428,512
-0.0106,-0.3980,512
-0.5000,-0.2115,512
0.2021,-0.2253,512
-0.0670,-0.3742,512
0.1959,-0.2190,512
-0.4136,-0.2028,512
0.0344,-0.3129,512
-0.3461,-0.5332,512
0.1846,-0.2090,512
-0.1283,-0.2829,512
0.1308,-0.6471,512
0.0695,-0.2115,512
0.1959,-0.1564,512
0.4662,-0.0113,512
0.5000,-0.4869,512
0.2772,-0.1352,512
0.1896,-0.1514,512
0.0732,-0.2090,512
0.1345,-0.1890,512
0.2146,-0.1364,512
-0.1458,-0.2628,512
0.0995,-0.1890,512
0.2034,-0.1001,512
0.1658,-0.1640,512
0.0532,-0.2265,512
0.1846,-0.1314,512
0.1020,-0.4593,512
-0.4274,-0.4243,512
0.1270,-0.1790,512
0.0795,-0.1627,512
-0.4987,-0.0601,512
0.0770,-0.1514,512
0.4174,-0.0100,512
0.0970,-0.1702,512
0.0857,-0.1690,512
-0.1145,-0.4668,512
-0.1158,-0.2703,512
0.2985,-0.7297,512
0.1496,-0.1101,512
0.4549,-0.1502,512
0.0907,-0.1202,512
0.5000,-0.3041,512
0.0820,-0.1076,512
0.0169,-0.1715,512
0.3999,-0.2578,512
0.1133,-0.1364,512
0.3936,-0.1076,512
-0.4212,-0.3504,512
0.0319,-0.1677,512
0.0332,-0.1452,512
0.1395,-0.0788,512
-0.0156,-0.1227,512
-0.0569,-0.1602,512
-0.3060,-0.1802,512
0.4287,-0.0901,512
-0.3373,-0.2028,512
0.4650,-0.2491,512
-0.0044,-0.1277,512
-0.0782,-0.8348,512
-0.2772,-0.1640,512
0.4186,-0.1227,512
0.0081,-0.0576,512
-0.0682,-0.1652,512
0.0782,-0.4906,512
-0.3273,-0.1577,512
0.4124,-0.3630,512
0.0044,-0.0914,512
-0.0782,-0.5407,512
0.4787,-0.7071,512
0.3486,-0.1464,512
0.0169,-0.5920,512
-0.4787,-0.6721,512
-0.0131,-0.1327,512
0.2222,-0.4080,512
0.0382,-0.1051,512
-0.3874,-0.2553,512
-0.0332,-0.0939,512
0.2021,-0.2390,512
-0.1133,-0.0951,512
0.0920,-0.0951,512
-0.0144,-0.1001,512
0.2322,-0.2028,512
-0.0019,-0.1539,512
-0.1383,-0.8486,512
0.3148,-0.4456,512
-0.2897,-0.1940,512
-0.4625,-0.3717,512
-0.4712,-0.5582,512
0.0257,-0.1539,512
0.2146,-0.3705,512
-0.3999,-0.2516,512
0.3773,-0.2503,512
-0.1108,-0.1039,512
0.0745,-0.4205,512
-0.1496,-0.0901,512
0.3698,-0.0513,512
0.0707,-0.1039,512
-0.1020,-0.2716,512
-0.1433,-0.8911,512
0.4212,-0.2503,512
-0.0031,-0.1302,512
-0.4750,0.0000,512
0.1058,-0.0238,512
0.4562,-0.0914,512
0.0482,-0.0951,512
0.3611,-0.2791,512
-0.2584,-0.6145,512
-0.0031,-0.1214,512
-0.0920,-0.0576,512
0.3073,-0.4268,512
-0.0332,-0.1076,512
-0.1733,-0.3454,512
-0.5000,-0.7534,512
-0.3273,-0.1702,512
-0.0232,-0.0951,1024
0.1708,-0.7109,1024
-0.0557,-0.0964,1024
-0.0194,-0.1064,1024
-0.0181,-0.1327,1024
-0.0419,-0.1114,1024
0.0382,-0.0926,1024
-0.0469,-0.0776,1024
0.0444,-0.1114,1024
-0.1220,-0.0864,1024
0.0006,-0.0989,1024
-0.0907,-0.0538,1024
-0.0232,-0.1001,1024
-0.0645,-0.1377,1024
0.0720,-0.1114,1024
0.0419,-0.0814,1024
0.0194,-0.0839,1024
-0.0282,-0.1277,1024
-0.1283,-0.0676,1024
0.0282,-0.0776,1024
-0.0507,-0.1014,1024
-0.0507,-0.0876,1024
-0.1145,-0.4093,1024
-0.1421,-0.1039,1024
-0.2234,-0.1865,1024
-0.0845,-0.0889,1024
-0.2046,-0.2128,1024
-0.1083,-0.0976,1024
-0.4412,-0.2516,1024
-0.0569,-0.0989,1024
0.2309,-0.2240,1024
0.0069,-0.1202,1024
0.0069,-0.1202,1024
-0.0194,-0.1014,1024
0.0444,-0.1427,1024
-0.0970,-0.1076,1024
-0.1033,-0.1076,1024
-0.0181,-0.1252,1024
-0.1095,-0.1101,1024
-0.0419,-0.1564,1024
-0.1170,-0.1101,1024
-0.0382,-0.1139,1024
-0.2785,-0.0451,1024
-0.1671,-0.1252,1024
-0.1571,-0.0951,1024
-0.0682,-0.1139,1024
-0.1395,-0.0976,1024
-0.1483,-0.0901,1024
-0.0795,-0.1339,1024
-0.1120,-0.1139,1024
-0.0995,-0.1214,1024
-0.1220,-0.1089,1024
0.1909,-0.2553,1024
-0.1295,-0.1202,1024
-0.2622,-0.0663,1024
-0.1233,-0.1139,1024
-0.2434,-0.0776,1024
-0.1683,-0.1039,1024
-0.1783,-0.1039,1024
-0.1008,-0.1615,1024
-0.1934,-0.1114,1024
-0.1471,-0.1026,1024
0.1783,-0.2603,1024
-0.1596,-0.1514,1024
-0.0745,-0.1539,1024
-0.0307,-0.1777,1024
-0.1345,-0.1402,1024
-0.0544,-0.1589,1024
0.1959,-0.2578,1024
0.1633,-0.2954,1024
-0.0695,-0.1452,1024
-0.1583,-0.1427,1024
0.4124,-0.4093,1024
-0.1058,-0.2028,1024
-0.2059,-0.1352,1024
-0.1896,-0.1477,1024
-0.0982,-0.2115,1024
-0.0745,-0.1902,1024
0.4111,-0.4568,1024
0.4061,-0.4631,1024
-0.1408,-0.1990,1024
0.1033,-0.3504,1024
-0.1671,-0.1777,1024
-0.1095,-0.2203,1024
-0.1358,-0.2203,1024
-0.3185,-0.1014,1024
0.1308,-0.3479,1024
-0.1270,-0.2203,1024
-0.1783,-0.2065,1024
-0.1258,-0.2240,1024
-0.1320,-0.2215,1024
-0.1508,-0.2278,1024
-0.2334,-0.1652,1024
-0.2610,-0.1615,1024
-0.1658,-0.2253,1024
-0.2234,-0.1977,1024
-0.1971,-0.2228,1024
-0.2722,-0.1777,1024
-0.1896,-0.2278,1024
-0.1533,-0.2541,1024
-0.1508,-0.2428,1024
-0.1658,-0.2516,1024
-0.2059,-0.2253,1024
-0.1308,-0.2691,1024
0.0382,-0.3880,1024
-0.1796,-0.2403,1024
0.3761,-0.6308,1024
-0.2196,-0.2103,1024
-0.1671,-0.2466,1024
0.0594,-0.4005,1024
-0.1783,-0.2478,1024
0.0144,-0.4030,1024
-0.1984,-0.2491,1024
-0.2096,-0.2353,1024
-0.1621,-0.2753,1024
-0.1846,-0.2603,1024
-0.1621,-0.2816,1024
-0.2046,-0.2516,1024
-0.2084,-0.2578,1024
-0.1796,-0.2641,1024
-0.1621,-0.2816,1024
-0.1984,-0.2478,1024
0.0031,-0.4030,1024
-0.1996,-0.2666,1024
-0.1896,-0.2766,1024
-0.2247,-0.2416,1024
-0.1996,-0.2666,1024
-0.1921,-0.2778,1024
-0.2009,-0.2666,1024
-0.1170,-0.3329,1024
-0.2772,-0.2003,1024
-0.1621,-0.2891,1024
-0.1358,-0.3242,1024
0.0544,-0.4781,1024
-0.2059,-0.2753,1024
-0.0482,-0.3780,1024
-0.1984,-0.2804,1024
-0.0031,-0.4431,1024
0.1608,-0.5745,1024
0.0031,-0.4293,1024
-0.1558,-0.2879,1024
-0.1696,-0.3054,1024
-0.1496,-0.3242,1024
-0.0532,-0.4268,1024
-0.0507,-0.4393,1024
0.4362,-0.7509,1024
-0.0119,-0.4456,1024
-0.0494,-0.4293,1024
-0.0444,-0.4355,1024
-0.1959,-0.3029,1024
-0.0557,-0.4368,1024
-0.2672,-0.2178,1024
-0.1846,-0.2904,1024
-0.0369,-0.4205,1024
-0.0369,-0.4305,1024
-0.0319,-0.4080,1024
-0.1133,-0.5294,1024
-0.0444,-0.4030,1024
0.1621,-0.5357,1024
-0.0519,-0.4518,1024
-0.1070,-0.4305,1024
-0.0294,-0.4618,1024
0.2822,-0.7372,1024
-0.1533,-0.3617,1024
-0.1571,-0.3692,1024
-0.1871,-0.3605,1024
-0.1959,-0.2941,1024
-0.1834,-0.3079,1024
-0.1696,-0.3830,1024
-0.2760,-0.6208,1024
0.3436,-0.2178,1024
-0.3936,-0.1502,1024
-0.0870,-0.3992,1024
-0.1546,-0.3392,1024
-0.1596,-0.4406,1024
-0.2034,-0.3267,1024
-0.1308,-0.1965,1024
0.2297,-0.8223,1024
-0.2196,-0.3329,1024
-0.1583,-0.4318,1024
0.0469,-0.6245,1024
-0.5000,-0.1151,1024
-0.1245,-0.4693,1024
-0.1884,-0.3892,1024
-0.0307,-0.4168,1024
-0.0807,-0.4593,1024
-0.2584,-0.3154,1024
-0.2334,-0.3467,1024
-0.2409,-0.3229,1024
-0.1395,-0.3905,1024
-0.1320,-0.4280,1024
-0.1846,-0.3517,1024
-0.1183,-0.4493,1024
-0.1571,-0.4543,1024
-0.1158,-0.5094,1024
-0.1708,-0.4731,1024
-0.0832,-0.4280,1024
-0.0970,-0.4556,1024
-0.1133,-0.4869,1024
-0.1283,-0.4556,1024
-0.0632,-0.4280,1024
-0.1108,-0.4743,1024
-0.2196,-0.3554,1024
-0.2735,-0.3304,1024
-0.0657,-0.4255,1024
0.1934,-0.8398,1024
-0.2597,-0.3329,1024
-0.0044,-0.4656,1024
-0.1320,-0.5144,1024
0.2146,-0.7785,1024
0.4199,-0.8736,1024
-0.1120,-0.4706,1024
-0.1083,-0.4631,1024
0.1946,-0.8148,1024
0.0369,-0.3967,1024
-0.0394,-0.4556,1024
-0.3949,-0.6871,1024
-0.4775,-0.7785,1024
0.4462,-0.7497,1024
-0.1195,-0.4856,1024
-0.1170,-0.5094,1024
-0.1458,-0.4693,1024
-0.1070,-0.4981,1024
-0.0870,-0.4844,1024
-0.0795,-0.4756,1024
-0.1170,-0.4731,1024
-0.0645,-0.4831,1024
-0.4011,-0.7234,1024
0.0181,-0.3980,1024
-0.0282,-0.4293,1024
0.0044,-0.4118,1024
-0.0907,-0.5181,1024
0.4362,0.0000,1024
-0.0444,-0.4731,1024
-0.0119,-0.4343,1024
-0.1483,-0.2841,1024
0.0081,-0.4180,1024
0.0056,-0.4130,1024
-0.1170,-0.5069,1024
0.0169,-0.3955,1024
-0.0144,-0.2728,1024
-0.0156,-0.4205,1024
-0.0257,-0.4305,1024
-0.3060,-0.6120,1024
-0.0820,-0.5119,1024
0.3035,-0.4706,1024
-0.1058,-0.5232,1024
0.3223,-0.6120,1024
-0.0920,-0.4981,1024
0.0307,-0.3942,1024
0.0144,-0.4093,1024
0.0106,-0.4168,1024
-0.0282,-0.4656,1024
-0.0519,-0.4631,1024
-0.3273,-0.6921,1024
0.0144,-0.4118,1024
-0.1220,-0.5156,1024
0.0031,-0.4393,1024
0.0106,-0.4168,1024
0.3023,-0.6408,1024
0.0094,-0.4343,1024
-0.3936,-0.7635,1024
-0.0820,-0.5357,1024
0.4987,-0.0538,1024
-0.1358,-0.5469,1024
-0.1471,-0.5269,1024
0.0282,-0.4068,1024
-0.0920,-0.1589,1024
0.0432,-0.4418,1024
-0.1283,-0.5244,1024
0.0382,-0.4343,1024
0.0970,-0.4568,1024
0.0557,-0.4205,1024
0.0031,-0.4518,1024
-0.0019,-0.4343,1024
0.0620,-0.4543,1024
0.2397,-0.2841,1024
0.0332,-0.4293,1024
0.4887,-1.0000,1024
0.0282,-0.4155,1024
0.2672,-0.1364,1024
0.0594,-0.4055,1024
0.0394,-0.4168,1024
0.4925,-0.7610,1024
0.2322,-0.2728,1024
0.0532,-0.4456,1024
-0.4299,-0.0726,1024
0.0382,-0.4168,1024
0.1809,-0.5044,1024
0.0632,-0.4543,1024
0.0419,-0.4105,1024
0.1395,-0.5031,1024
0.1270,-0.4906,1024
0.2234,-0.2528,1024
0.1033,-0.4493,1024
0.0569,-0.3980,1024
0.0181,-0.4068,1024
0.0770,-0.4118,1024
-0.3711,-0.8185,1024
0.0607,-0.4368,1024
0.1708,-0.5069,1024
-0.4024,-0.8060,1024
0.1170,-0.4806,1024
0.5000,-0.0588,1024
-0.2472,-0.6783,1024
0.2722,-0.2678,1024
0.1370,-0.5006,1024
0.0369,-0.4080,1024
0.5000,-0.0538,1024
0.1108,-0.4606,1024
0.3285,-0.4756,1024
-0.3761,-0.8773,1024
0.1058,-0.4068,1024
0.1746,-0.9124,1024
0.0832,-0.4481,1024
0.2509,-0.2879,1024
0.1971,-0.4193,1024
0.0907,-0.4255,1024
0.1683,-0.4894,1024
0.1433,-0.4393,1024
0.0932,-0.4443,1024
0.1783,-0.4919,1024
0.0770,-0.4055,1024
0.1521,-0.4506,1024
0.4925,-0.0763,1024
0.0932,-0.4105,1024
-0.0269,-0.6308,1024
0.1421,-0.4806,1024
0.1145,-0.4593,1024
-0.0257,-0.6971,1024
0.1270,-0.4706,1024
0.0244,-0.4731,1024
0.0970,-0.3967,1024
0.1583,-0.3880,1024
0.2222,-0.3179,1024
0.4987,-0.0588,1024
0.0657,-0.4193,1024
-0.0620,-0.6108,1024
0.1333,-0.4168,1024
0.1796,-0.4255,1024
0.1859,-0.3254,1024
0.1946,-0.3642,1024
0.4675,-0.0964,1024
0.1208,-0.3917,1024
0.2797,-0.2666,1024
0.1696,-0.3680,1024
0.5000,-0.0726,1024
0.0795,-0.3917,1024
0.0419,-0.4093,1024
0.0357,-0.4618,1024
0.0444,-0.4118,1024
0.1345,-0.4268,1024
0.1446,-0.3967,1024
0.2635,-0.3179,1024
0.3235,-0.1940,1024
0.0407,-0.3992,1024
0.1095,-0.4080,1024
0.2472,-0.2778,1024
-0.0982,-0.5995,1024
0.4962,-0.0526,1024
0.2334,-0.2728,1024
0.2534,-0.2678,1024
0.2284,-0.2728,1024
0.2184,-0.2678,1024
-0.1033,-0.5307,1024
0.2397,-0.2741,1024
0.2209,-0.2941,1024
0.2134,-0.2991,1024
0.0620,-0.4080,1024
0.0419,-0.3942,1024
0.0244,-0.4105,1024
0.2359,-0.2478,1024
0.2284,-0.2591,1024
0.2297,-0.2628,1024
0.2134,-0.2703,1024
0.2096,-0.2816,1024
0.2247,-0.2716,1024
0.1959,-0.2778,1024
0.2196,-0.2591,1024
0.2247,-0.2578,1024
0.0232,-0.4168,1024
0.2309,-0.2453,1024
-0.2660,-0.6596,1024
0.0181,-0.4055,1024
0.2509,-0.2303,1024
0.0532,-0.3917,1024
0.2146,-0.2491,1024
0.2522,-0.2228,1024
0.1859,-0.2728,1024
0.2309,-0.2340,1024
0.0294,-0.3755,1024
0.1884,-0.2666,1024
0.1796,-0.2553,1024
0.1934,-0.2503,1024
0.2046,-0.2265,1024
0.2009,-0.2378,1024
0.1909,-0.2403,1024
0.2084,-0.2128,1024
0.2034,-0.2441,1024
0.2547,-0.2190,1024
0.2860,-0.1640,1024
0.4149,-0.0751,1024
0.2046,-0.2178,1024
0.1721,-0.2253,1024
0.3911,-0.1039,1024
0.1959,-0.2240,1024
0.1721,-0.2240,1024
-0.0494,-0.3717,1024
0.1783,-0.2090,1024
-0.0244,-0.3529,1024
0.1521,-0.2215,1024
-0.0494,-0.3342,1024
0.1859,-0.2090,1024
0.1571,-0.2491,1024
0.2034,-0.1890,1024
0.0870,-0.2040,1024
0.1421,-0.1902,1024
0.1859,-0.1952,1024
0.1245,-0.2128,1024
0.2071,-0.1752,1024
0.2046,-0.1527,1024
0.1295,-0.1977,1024
0.1483,-0.1827,1024
0.1158,-0.2003,1024
0.1921,-0.1577,1024
0.1220,-0.1752,1024
0.2359,-0.1039,1024
0.1083,-0.1702,1024
0.1208,-0.1852,1024
0.2672,-0.0926,1024
0.1045,-0.1690,1024
0.2184,-0.1227,1024
-0.2985,-0.3542,1024
0.1058,-0.1627,1024
0.1033,-0.1690,1024
0.0945,-0.1577,1024
0.0957,-0.1514,1024
0.0832,-0.1752,1024
0.0995,-0.1640,1024
0.1671,-0.1377,1024
0.2121,-0.1076,1024
0.0770,-0.1277,1024
0.0932,-0.1302,1024
0.1521,-0.1277,1024
0.0945,-0.1289,1024
0.1058,-0.1026,1024
0.1308,-0.0801,1024
0.0757,-0.1477,1024
0.0394,-0.1314,1024
0.1008,-0.1427,1024
-0.2059,-0.2478,1024
0.0645,-0.1477,1024
-0.0081,-0.1227,1024
0.1020,-0.1014,1024
0.1370,-0.0864,1024
0.0094,-0.1364,1024
-0.0532,-0.1339,1024
-0.4499,-0.2804,1024
0.1095,-0.0839,1024
0.0720,-0.0926,1024
0.0244,-0.1139,1024
0.0294,-0.1377,1024
0.0870,-0.0851,1024
0.0031,-0.1114,1024
0.0106,-0.0651,1024
0.1108,-0.1289,1024
-0.0181,-0.1252,1024
-0.0194,-0.1014,1024
0.0582,-0.1014,1024
-0.0807,-0.0726,1024
0.0432,-0.1189,1024
-0.0970,-0.1564,1024
-0.1308,-0.0914,1024
0.0682,-0.1076,1024
0.0407,-0.5882,1024
0.0720,-0.1076,1024
0.0294,-0.1039,1024
-0.1158,-0.0801,1024
-0.0181,-0.1252,1024
0.0131,-0.1039,1024
-0.0419,-0.1302,1024
-0.0907,-0.0814,1024
-0.0469,-0.1101,1024
0.0882,-0.1126,1024
-0.0645,-0.0914,1024
-0.0419,-0.1114,1024
0.0394,-0.1377,1024
0.0244,-0.0876,1024
-0.0932,-0.0939,1024
-0.0457,-0.1189,1024
0.0582,-0.1252,1024
0.0156,-0.1314,1024
0.1120,-0.0851,1024
-0.0882,-0.0776,1024
-0.0244,-0.0839,1024
0.0006,-0.1026,1024
-0.0982,-0.1064,1024
-0.2985,-0.1840,1024
-0.0131,-0.1176,1024
-0.0707,-0.0889,1024
0.0207,-0.1151,1024
0.0181,-0.0763,1024
-0.0670,-0.1126,1024
-0.0494,-0.1239,1024
-0.0181,-0.1126,1024
0.0745,-0.1439,1024
-0.3723,-0.9987,1024
0.1446,-0.0526,1024
-0.0357,-0.0851,1024
-0.0181,-0.1164,1024
-0.0282,-0.0964,1024
0.0407,-0.1539,1024
-0.0444,-0.1014,1024
0.0394,-0.0864,1024
0.0081,-0.1051,1024
0.0282,-0.1239,1024
-0.0594,-0.1239,1024
-0.0857,-0.1026,1024
-0.0332,-0.0939,2048
-0.0181,-0.0964,2048
0.0044,-0.0926,2048
-0.0519,-0.1001,2048
-0.0569,-0.0989,2048
-0.0219,-0.1139,2048
0.0294,-0.1039,2048
-0.0219,-0.0951,2048
-0.0169,-0.1164,2048
-0.0031,-0.1214,2048
0.0181,-0.0901,2048
-0.0069,-0.1001,2048
-0.0219,-0.1026,2048
-0.0670,-0.1026,2048
-0.0169,-0.0951,2048
0.0257,-0.0851,2048
0.0081,-0.0964,2048
-0.0607,-0.1239,2048
-0.0557,-0.0964,2048
0.0282,-0.1239,2048
-0.0507,-0.1101,2048
-0.0569,-0.1139,2048
-0.0407,-0.1202,2048
-0.1220,-0.1014,2048
-0.0169,-0.1064,2048
-0.0845,-0.0939,2048
0.0131,-0.1352,2048
0.0745,-0.1439,2048
-0.0607,-0.1239,2048
-0.0181,-0.1151,2048
-0.1508,-0.0876,2048
0.0081,-0.1089,2048
-0.1020,-0.0901,2048
-0.0620,-0.1227,2048
-0.0169,-0.1164,2048
-0.0732,-0.1089,2048
-0.0632,-0.1101,2048
-0.1683,-0.0726,2048
-0.0820,-0.1176,2048
-0.0382,-0.1289,2048
-0.1208,-0.1101,2048
-0.0582,-0.1164,2048
-0.2034,-0.0814,2048
-0.1658,-0.0914,2048
-0.0645,-0.1151,2048
-0.0682,-0.1139,2048
-0.0745,-0.1202,2048
-0.1008,-0.1164,2048
-0.0795,-0.1264,2048
-0.1170,-0.1151,2048
-0.0895,-0.1302,2048
-0.1145,-0.1089,2048
-0.1033,-0.1264,2048
-0.1383,-0.1176,2048
-0.1733,-0.1026,2048
-0.1083,-0.1227,2048
-0.2071,-0.0839,2048
-0.1083,-0.1252,2048
-0.1183,-0.1339,2048
-0.1283,-0.1364,2048
-0.1208,-0.1389,2048
-0.0582,-0.1539,2048
-0.0732,-0.1539,2048
-0.1571,-0.1427,2048
-0.1170,-0.1464,2048
-0.1708,-0.1189,2048
-0.0832,-0.1677,2048
-0.0732,-0.1539,2048
-0.1696,-0.1139,2048
-0.1696,-0.1389,2048
-0.0982,-0.1414,2048
-0.0870,-0.1665,2048
-0.1208,-0.1389,2048
-0.1558,-0.1740,2048
-0.1608,-0.1602,2048
-0.1045,-0.1877,2048
-0.1283,-0.1827,2048
-0.2397,-0.1114,2048
-0.2259,-0.1414,2048
-0.1583,-0.1652,2048
-0.1383,-0.1815,2048
-0.1320,-0.2140,2048
-0.2184,-0.1552,2048
-0.0870,-0.2215,2048
-0.1308,-0.2103,2048
-0.1633,-0.1915,2048
-0.2922,-0.1189,2048
0.2334,-0.4456,2048
-0.1608,-0.2190,2048
-0.1358,-0.2278,2048
-0.1433,-0.2240,2048
-0.1295,-0.2390,2048
-0.2660,-0.1564,2048
-0.1383,-0.2378,2048
-0.1846,-0.2065,2048
-0.2635,-0.1715,2048
-0.1984,-0.2190,2048
-0.2297,-0.2015,2048
-0.1821,-0.2278,2048
-0.1621,-0.2453,2048
-0.1696,-0.2315,2048
-0.1783,-0.2340,2048
-0.1896,-0.2215,2048
-0.1708,-0.2478,2048
-0.1708,-0.2478,2048
-0.1708,-0.2478,2048
-0.2284,-0.2028,2048
-0.2184,-0.2190,2048
-0.1708,-0.2478,2048
0.0469,-0.3980,2048
-0.1708,-0.2478,2048
-0.1633,-0.2678,2048
-0.1733,-0.2641,2048
-0.1909,-0.2541,2048
-0.1733,-0.2641,2048
-0.1733,-0.2716,2048
-0.1846,-0.2603,2048
-0.1996,-0.2491,2048
-0.2171,-0.2441,2048
-0.1796,-0.2716,2048
-0.1796,-0.2716,2048
-0.1984,-0.2478,2048
-0.2071,-0.2516,2048
-0.1996,-0.2666,2048
-0.1884,-0.2703,2048
-0.1996,-0.2666,2048
-0.2672,-0.2178,2048
-0.1733,-0.2778,2048
-0.2146,-0.2603,2048
-0.1859,-0.2666,2048
-0.1871,-0.2691,2048
-0.1533,-0.2979,2048
-0.1783,-0.2879,2048
-0.1671,-0.2979,2048
-0.2134,-0.2603,2048
-0.0807,-0.3792,2048
-0.2071,-0.2753,2048
-0.1796,-0.2954,2048
-0.1871,-0.2979,2048
-0.1783,-0.2879,2048
-0.0144,-0.4330,2048
-0.0369,-0.4205,2048
-0.1796,-0.2954,2048
-0.1934,-0.3004,2048
-0.1621,-0.2966,2048
-0.1809,-0.3029,2048
0.0019,-0.4406,2048
-0.0632,-0.4268,2048
-0.0382,-0.4305,2048
-0.2146,-0.2929,2048
-0.2272,-0.2804,2048
-0.2059,-0.2678,2048
-0.1896,-0.2866,2048
-0.0469,-0.4130,2048
-0.0432,-0.4155,2048
-0.1834,-0.2841,2048
-0.0131,-0.4230,2048
-0.1070,-0.4155,2048
-0.2121,-0.3292,2048
-0.2071,-0.3129,2048
-0.0795,-0.4093,2048
-0.0307,-0.4493,2048
-0.0795,-0.4093,2048
-0.1671,-0.3254,2048
-0.1370,-0.3817,2048
-0.0907,-0.4543,2048
-0.2046,-0.2979,2048
-0.1834,-0.3179,2048
-0.1959,-0.3830,2048
-0.2322,-0.3166,2048
-0.0707,-0.4180,2048
-0.1896,-0.3217,2048
-0.1358,-0.4093,2048
-0.0419,-0.4255,2048
-0.1959,-0.3830,2048
-0.2196,-0.3191,2048
-0.1821,-0.3817,2048
-0.2760,-0.3267,2048
-0.1696,-0.3329,2048
-0.1421,-0.4343,2048
-0.0857,-0.4531,2048
-0.2209,-0.3191,2048
-0.1183,-0.4481,2048
-0.1658,-0.3867,2048
-0.0682,-0.4218,2048
-0.2735,-0.2916,2048
-0.0620,-0.4168,2048
-0.1170,-0.4305,2048
-0.2422,-0.3342,2048
-0.1771,-0.3892,2048
-0.1408,-0.4343,2048
-0.0982,-0.4255,2048
-0.1233,-0.4406,2048
-0.1395,-0.4556,2048
-0.1095,-0.4944,2048
-0.1333,-0.4856,2048
-0.0607,-0.4293,2048
-0.1671,-0.4393,2048
-0.1183,-0.4844,2048
-0.1370,-0.4706,2048
-0.0720,-0.4193,2048
-0.1220,-0.4593,2048
-0.1108,-0.4643,2048
-0.2797,-0.3329,2048
-0.0820,-0.4731,2048
0.2146,-0.8048,2048
-0.1283,-0.4919,2048
-0.2284,-0.3379,2048
-0.1220,-0.5031,2048
-0.0282,-0.4018,2048
0.4011,-0.9975,2048
-0.1183,-0.4844,2048
-0.1295,-0.4894,2048
-0.1108,-0.4768,2048
-0.0857,-0.4869,2048
-0.1058,-0.5019,2048
-0.1395,-0.5031,2048
-0.1320,-0.5044,2048
-0.0219,-0.4255,2048
-0.1008,-0.4781,2048
-0.1095,-0.4944,2048
-0.0594,-0.4305,2048
-0.1020,-0.5056,2048
-0.0444,-0.4581,2048
-0.0394,-0.4380,2048
-0.1233,-0.4768,2048
-0.0745,-0.4819,2048
0.0119,-0.4105,2048
0.0006,-0.4030,2048
0.0044,-0.4105,2048
-0.0019,-0.3980,2048
-0.1020,-0.5056,2048
-0.1045,-0.0864,2048
-0.0181,-0.4318,2048
-0.0019,-0.4255,2048
-0.0857,-0.4881,2048
0.0119,-0.4205,2048
0.0056,-0.4068,2048
-0.1158,-0.5094,2048
0.0106,-0.4168,2048
0.0056,-0.4255,2048
-0.0156,-0.4305,2048
-0.0982,-0.4931,2048
-0.2872,-0.6308,2048
-0.0995,-0.5069,2048
-0.2484,-0.1289,2048
0.0006,-0.4168,2048
-0.1058,-0.5232,2048
-0.0732,-0.5031,2048
0.0181,-0.4068,2048
0.0081,-0.4180,2048
0.0181,-0.4155,2048
0.0282,-0.4969,2048
-0.0432,-0.4656,2048
-0.0857,-0.5044,2048
0.0232,-0.4105,2048
0.0069,-0.4055,2048
0.0094,-0.4343,2048
0.0069,-0.4168,2048
-0.3999,-0.7284,2048
0.0031,-0.4305,2048
0.0369,-0.4068,2048
0.0056,-0.4543,2048
0.0131,-0.4493,2048
-0.1308,-0.5357,2048
0.0131,-0.4193,2048
0.0056,-0.4130,2048
-0.4687,-0.1790,2048
0.0357,-0.4280,2048
-0.1033,-0.5269,2048
0.0632,-0.4743,2048
0.0344,-0.4205,2048
0.0632,-0.4105,2048
0.0169,-0.4431,2048
0.0294,-0.4343,2048
0.0407,-0.4355,2048
0.0332,-0.4293,2048
0.0269,-0.4255,2048
0.0469,-0.4230,2048
0.0282,-0.4168,2048
0.1471,-0.4969,2048
0.0319,-0.4118,2048
0.0607,-0.4330,2048
0.0307,-0.4255,2048
0.0544,-0.4193,2048
0.1295,-0.4944,2048
0.0620,-0.4355,2048
0.0332,-0.4205,2048
0.0807,-0.4518,2048
0.0682,-0.4593,2048
0.0469,-0.3980,2048
0.1533,-0.5131,2048
0.0857,-0.4556,2048
0.3048,-0.2979,2048
0.1133,-0.4506,2048
0.0607,-0.4018,2048
0.0369,-0.4068,2048
0.0657,-0.4293,2048
0.0945,-0.4318,2048
0.0519,-0.4355,2048
0.0432,-0.4193,2048
0.0532,-0.4280,2048
0.0369,-0.4318,2048
0.0782,-0.4230,2048
0.1220,-0.4506,2048
0.4950,-0.0651,2048
0.0557,-0.4406,2048
0.1208,-0.4856,2048
0.4900,-0.0626,2048
0.0945,-0.4543,2048
-0.0369,-0.6959,2048
-0.3711,-0.9249,2048
0.0920,-0.4180,2048
-0.0544,-0.6458,2048
0.1133,-0.4568,2048
0.1058,-0.4343,2048
0.1621,-0.4481,2048
0.1195,-0.4481,2048
0.1533,-0.4756,2048
0.1496,-0.3955,2048
0.0945,-0.4330,2048
0.1683,-0.4781,2048
0.4987,-0.0588,2048
0.1533,-0.4506,2048
0.1333,-0.4343,2048
0.1183,-0.4305,2048
0.5000,-0.0576,2048
0.1483,-0.4706,2048
0.1195,-0.4543,2048
-0.0332,-0.6558,2048
0.3548,-0.2228,2048
0.2397,-0.3104,2048
0.2397,-0.2891,2048
-0.0682,-0.5745,2048
0.1333,-0.4030,2048
0.5000,-0.0626,2048
0.0945,-0.4330,2048
0.1158,-0.4268,2048
0.1095,-0.4305,2048
0.1245,-0.4581,2048
0.2409,-0.3041,2048
0.2209,-0.3554,2048
0.5000,-0.0676,2048
0.4875,-0.0751,2048
0.5000,-0.0576,2048
0.4925,-0.0763,2048
0.2372,-0.3242,2048
0.2259,-0.2816,2048
0.4812,-0.0626,2048
0.5000,-0.0513,2048
0.0507,-0.4055,2048
0.2409,-0.3041,2048
0.2409,-0.3041,2048
0.1846,-0.3529,2048
0.4925,-0.0563,2048
0.5000,-0.0513,2048
0.1008,-0.4143,2048
0.2534,-0.2741,2048
0.0857,-0.4443,2048
0.2447,-0.2804,2048
0.2046,-0.2879,2048
0.2647,-0.2641,2048
0.2334,-0.2753,2048
0.5000,-0.0463,2048
0.2309,-0.2703,2048
0.2059,-0.2866,2048
0.2359,-0.2816,2048
0.0594,-0.4255,2048
0.0294,-0.4155,2048
0.0394,-0.4043,2048
0.0156,-0.4118,2048
0.2309,-0.2603,2048
0.2196,-0.2591,2048
0.2297,-0.2528,2048
0.2359,-0.2616,2048
0.2484,-0.2478,2048
0.2272,-0.2616,2048
0.2071,-0.2778,2048
-0.3861,-0.7409,2048
0.2272,-0.2578,2048
0.0357,-0.4105,2048
0.2259,-0.2503,2048
0.0432,-0.4005,2048
0.2209,-0.2503,2048
0.2109,-0.2453,2048
0.2359,-0.2353,2048
0.2121,-0.2478,2048
0.1896,-0.2653,2048
0.1946,-0.2616,2048
0.2184,-0.2403,2048
0.2059,-0.2390,2048
0.1934,-0.2591,2048
0.1909,-0.2553,2048
0.2009,-0.2428,2048
0.2009,-0.2353,2048
0.1821,-0.2478,2048
0.2184,-0.2203,2048
0.1946,-0.2253,2048
0.2059,-0.2365,2048
0.2284,-0.2265,2048
0.2134,-0.2115,2048
0.5000,-0.0250,2048
0.2071,-0.2190,2048
0.1658,-0.2315,2048
0.1959,-0.2240,2048
0.2071,-0.2178,2048
0.1796,-0.2190,2048
0.1946,-0.2153,2048
0.1733,-0.2178,2048
0.1834,-0.2215,2048
-0.0319,-0.3317,2048
0.1546,-0.2128,2048
0.1421,-0.2203,2048
0.1909,-0.2028,2048
0.1909,-0.1965,2048
0.0995,-0.2165,2048
0.1333,-0.1927,2048
0.1533,-0.1915,2048
0.1120,-0.2115,2048
0.1483,-0.1977,2048
0.1671,-0.1640,2048
0.1270,-0.1865,2048
0.2146,-0.1502,2048
0.1245,-0.1865,2048
0.1646,-0.1690,2048
0.1708,-0.1489,2048
0.1696,-0.1452,2048
0.1158,-0.1790,2048
0.1058,-0.1815,2048
0.2359,-0.1101,2048
0.1258,-0.1564,2048
0.2109,-0.1252,2048
0.0845,-0.1615,2048
0.0932,-0.1677,2048
0.1233,-0.1765,2048
0.1070,-0.1514,2048
0.1045,-0.1439,2048
0.0782,-0.1740,2048
0.0970,-0.1502,2048
0.1708,-0.1126,2048
0.1483,-0.1239,2048
0.1083,-0.1076,2048
0.1045,-0.1302,2048
0.1108,-0.1302,2048
0.1133,-0.1239,2048
0.1183,-0.1189,2048
0.1546,-0.0901,2048
0.0544,-0.1502,2048
0.0695,-0.1164,2048
0.1033,-0.1327,2048
0.2084,-0.0776,2048
0.0720,-0.1114,2048
0.0282,-0.1314,2048
0.0382,-0.1277,2048
0.0720,-0.1114,2048
0.0006,-0.1202,2048
-0.0294,-0.1252,2048
0.0394,-0.1302,2048
0.1496,-0.0701,2048
0.0732,-0.0901,2048
0.0645,-0.1089,2048
0.0457,-0.1277,2048
0.0682,-0.1076,2048
-0.0119,-0.1239,2048
0.0469,-0.0801,2048
0.0081,-0.0889,2048
0.0732,-0.0939,2048
0.0181,-0.0889,2048
0.0119,-0.1001,2048
0.0169,-0.0951,2048
-0.0432,-0.0901,2048
-0.0632,-0.0976,2048
-0.0995,-0.0914,2048
0.0144,-0.1014,2048
0.0382,-0.0826,2048
-0.0131,-0.1051,2048
0.0232,-0.1227,2048
-0.0044,-0.0989,2048
-0.0332,-0.1039,2048
-0.0382,-0.1227,2048
0.0044,-0.1001,2048
-0.0682,-0.0976,2048
-0.0156,-0.1151,2048
0.0832,-0.1114,2048
-0.0131,-0.1051,2048
-0.0044,-0.1189,2048
0.0432,-0.1176,2048
-0.0382,-0.0976,2048
-0.0682,-0.1151,2048
-0.0119,-0.1039,2048
-0.0344,-0.1014,2048
-0.0044,-0.1064,2048
-0.0344,-0.1126,2048
-0.0519,-0.0901,2048
-0.0382,-0.0976,2048
-0.0294,-0.1151,2048
-0.0920,-0.1064,2048
-0.0081,-0.1051,2048
-0.0895,-0.1101,2048
-0.0257,-0.1039,2048
0.0156,-0.1076,2048
-0.0169,-0.1064,2048
-0.0645,-0.1151,2048
-0.0294,-0.1289,2048
-0.0044,-0.1189,2048
-0.0757,-0.1039,2048
-0.0119,-0.0939,2048
0.1921,-0.0601,2048
-0.0369,-0.1014,2048
-0.0845,-0.0939,2048
0.0044,-0.1101,2048
0.0432,-0.1202,2048
-0.0682,-0.0976,2048
0.0069,-0.1202,2048
-0.0282,-0.0964,2048
-0.0156,-0.1151,2048
-0.0181,-0.0964,2048
-0.0444,-0.1014,2048
-0.0232,-0.0951,4096
-0.0232,-0.0951,4096
0.0319,-0.0926,4096
-0.0257,-0.1039,4096
-0.0181,-0.0964,4096
-0.0144,-0.1076,4096
0.0244,-0.1026,4096
-0.0131,-0.1051,4096
-0.0257,-0.1051,4096
-0.0232,-0.0951,4096
-0.0181,-0.0964,4096
-0.0469,-0.1051,4096
0.0044,-0.1039,4096
-0.0169,-0.1164,4096
-0.0194,-0.1126,4096
-0.0006,-0.0914,4096
0.0156,-0.1001,4096
-0.0432,-0.1202,4096
-0.0257,-0.1039,4096
0.0156,-0.1101,4096
-0.0294,-0.1176,4096
-0.0532,-0.1076,4096
-0.0369,-0.1189,4096
-0.0544,-0.1001,4096
-0.0294,-0.1076,4096
-0.0957,-0.0914,4096
0.0319,-0.1452,4096
-0.0895,-0.0926,4096
-0.0282,-0.1339,4096
-0.0632,-0.1101,4096
-0.0882,-0.0976,4096
-0.0044,-0.1189,4096
-0.0795,-0.1039,4096
-0.0219,-0.1151,4096
-0.0494,-0.1126,4096
-0.0382,-0.1114,4096
-0.0569,-0.1076,4096
-0.0795,-0.1039,4096
-0.0544,-0.1252,4096
-0.0745,-0.1202,4096
-0.1145,-0.0964,4096
-0.0832,-0.1176,4096
-0.0682,-0.1139,4096
-0.1208,-0.1076,4096
-0.1058,-0.1089,4096
-0.0895,-0.1164,4096
-0.1008,-0.1139,4096
-0.0895,-0.1164,4096
-0.1395,-0.0976,4096
-0.0895,-0.1164,4096
-0.0657,-0.1352,4096
-0.0945,-0.1114,4096
-0.0957,-0.1277,4096
-0.1283,-0.1126,4096
-0.1896,-0.0989,4096
-0.1008,-0.1277,4096
-0.1183,-0.1227,4096
-0.1183,-0.1227,4096
-0.1145,-0.1302,4096
-0.1283,-0.1264,4096
-0.1571,-0.1176,4096
-0.1020,-0.1452,4096
-0.1020,-0.1452,4096
-0.1633,-0.1414,4096
-0.1320,-0.1302,4096
-0.1546,-0.1239,4096
-0.0970,-0.1527,4096
-0.0882,-0.1489,4096
-0.0620,-0.1690,4096
-0.1345,-0.1402,4096
-0.0594,-0.1665,4096
-0.1220,-0.1602,4096
-0.1421,-0.1427,4096
-0.1446,-0.1702,4096
-0.1758,-0.1414,4096
-0.1446,-0.1702,4096
-0.1308,-0.1840,4096
-0.2534,-0.1139,4096
-0.1996,-0.1527,4096
-0.1508,-0.1640,4096
-0.1658,-0.1865,4096
-0.1308,-0.2103,4096
-0.1308,-0.2103,4096
-0.1245,-0.2153,4096
-0.1308,-0.2103,4096
-0.1508,-0.1927,4096
-0.1183,-0.2328,4096
-0.1421,-0.2115,4096
-0.1821,-0.2078,4096
-0.1358,-0.2203,4096
-0.1483,-0.2253,4096
-0.1433,-0.2315,4096
-0.2484,-0.1677,4096
-0.1596,-0.2303,4096
-0.1996,-0.2028,4096
-0.2497,-0.1752,4096
-0.1896,-0.2215,4096
-0.2384,-0.1940,4096
-0.1896,-0.2215,4096
-0.1421,-0.2553,4096
-0.1471,-0.2553,4096
-0.1671,-0.2466,4096
-0.1984,-0.2315,4096
-0.1796,-0.2441,4096
-0.1796,-0.2403,4096
-0.1834,-0.2365,4096
-0.1971,-0.2303,4096
-0.2109,-0.2240,4096
-0.1796,-0.2403,4096
-0.1608,-0.2578,4096
-0.1783,-0.2478,4096
0.0169,-0.3980,4096
-0.1733,-0.2578,4096
-0.1783,-0.2603,4096
-0.1608,-0.2691,4096
-0.1846,-0.2603,4096
-0.1621,-0.2753,4096
-0.1959,-0.2503,4096
-0.1796,-0.2666,4096
-0.1733,-0.2641,4096
-0.1771,-0.2678,4096
-0.1959,-0.2566,4096
-0.1959,-0.2566,4096
-0.1884,-0.2703,4096
-0.1859,-0.2716,4096
-0.1884,-0.2703,4096
-0.2021,-0.2641,4096
-0.1884,-0.2703,4096
-0.1909,-0.2678,4096
-0.2009,-0.2653,4096
-0.1896,-0.2766,4096
-0.1633,-0.2879,4096
-0.1783,-0.2879,4096
-0.1934,-0.2728,4096
-0.1984,-0.2678,4096
-0.2247,-0.2553,4096
-0.1946,-0.2879,4096
-0.1821,-0.2904,4096
-0.1846,-0.2904,4096
-0.1721,-0.2866,4096
-0.0131,-0.4230,4096
-0.1821,-0.2904,4096
-0.1846,-0.2979,4096
-0.0369,-0.4305,4096
-0.1959,-0.2941,4096
-0.0232,-0.4255,4096
-0.0181,-0.4218,4096
-0.0382,-0.4280,4096
-0.2171,-0.2804,4096
-0.2059,-0.2929,4096
-0.2184,-0.2791,4096
-0.1946,-0.2791,4096
-0.0282,-0.4105,4096
-0.0294,-0.4293,4096
-0.0369,-0.4305,4096
-0.0319,-0.4168,4096
-0.0056,-0.4130,4096
-0.1658,-0.3367,4096
-0.2084,-0.2991,4096
-0.0607,-0.4318,4096
-0.0582,-0.4205,4096
-0.2071,-0.3354,4096
-0.0695,-0.4318,4096
-0.0795,-0.4093,4096
-0.1921,-0.3292,4096
-0.1233,-0.4406,4096
-0.0695,-0.4468,4096
-0.2121,-0.3166,4096
-0.2121,-0.3767,4096
-0.0857,-0.4531,4096
-0.2247,-0.3417,4096
-0.2034,-0.3267,4096
-0.1984,-0.3767,4096
-0.0632,-0.4268,4096
-0.1959,-0.3630,4096
-0.1959,-0.3492,4096
-0.1358,-0.3942,4096
-0.2384,-0.3254,4096
-0.1921,-0.3079,4096
-0.1333,-0.4268,4096
-0.0645,-0.4380,4096
-0.2209,-0.3191,4096
-0.1258,-0.4531,4096
-0.1345,-0.4243,4096
-0.0882,-0.4230,4096
-0.2134,-0.3154,4096
-0.2259,-0.3417,4096
-0.2071,-0.3492,4096
-0.2422,-0.3342,4096
-0.2134,-0.3404,4096
-0.1421,-0.4343,4096
-0.1195,-0.4168,4096
-0.1258,-0.4531,4096
-0.1421,-0.4731,4096
-0.1158,-0.4881,4096
-0.1233,-0.4768,4096
-0.1208,-0.4831,4096
-0.1233,-0.4768,4096
-0.1421,-0.4731,4096
-0.1370,-0.4706,4096
-0.0970,-0.4556,4096
-0.1270,-0.4631,4096
-0.1120,-0.4756,4096
-0.1283,-0.4919,4096
-0.1120,-0.4756,4096
-0.0156,-0.4205,4096
-0.1383,-0.4806,4096
-0.1058,-0.5006,4096
-0.1208,-0.4956,4096
-0.2559,-0.3605,4096
-0.1120,-0.4706,4096
-0.1133,-0.4693,4096
-0.1158,-0.5094,4096
-0.1170,-0.4956,4096
-0.1020,-0.5056,4096
-0.1245,-0.4981,4096
-0.1245,-0.4981,4096
-0.1095,-0.4944,4096
-0.0144,-0.4218,4096
-0.1195,-0.5044,4096
-0.1095,-0.4944,4096
-0.1183,-0.4844,4096
-0.1170,-0.4956,4096
-0.0094,-0.4168,4096
-0.0970,-0.4931,4096
-0.1095,-0.4944,4096
-0.1170,-0.4994,4096
0.0031,-0.4093,4096
-0.1320,-0.5044,4096
-0.0269,-0.4406,4096
-0.0019,-0.4068,4096
-0.0970,-0.5119,4096
-0.0156,-0.4205,4096
0.0056,-0.4218,4096
-0.0131,-0.4230,4096
0.0069,-0.4168,4096
0.0181,-0.4155,4096
-0.0019,-0.4155,4096
-0.1220,-0.5156,4096
0.0181,-0.4155,4096
0.0044,-0.4205,4096
-0.0194,-0.4268,4096
-0.0795,-0.4768,4096
0.0056,-0.4130,4096
-0.1120,-0.5169,4096
0.0106,-0.4168,4096
-0.0857,-0.5044,4096
0.0106,-0.4168,4096
-0.0945,-0.5131,4096
0.0106,-0.4168,4096
0.0131,-0.4218,4096
0.0194,-0.4255,4096
-0.0732,-0.5044,4096
-0.0144,-0.4531,4096
0.0094,-0.4343,4096
0.0232,-0.4105,4096
0.0144,-0.4118,4096
-0.1120,-0.5169,4096
0.0069,-0.4230,4096
0.0131,-0.4293,4096
0.0156,-0.4230,4096
0.0344,-0.4118,4096
-0.0069,-0.4506,4096
0.0219,-0.4355,4096
-0.1158,-0.5307,4096
0.0156,-0.4130,4096
0.0106,-0.4168,4096
0.0307,-0.4255,4096
0.0144,-0.4205,4096
0.0232,-0.4293,4096
0.0282,-0.4330,4096
0.0332,-0.4293,4096
0.0344,-0.4005,4096
0.0181,-0.4155,4096
0.0144,-0.4305,4096
0.0307,-0.4255,4096
0.0419,-0.4205,4096
0.0232,-0.4293,4096
0.0457,-0.4218,4096
0.0282,-0.4155,4096
0.1458,-0.4981,4096
0.0344,-0.4205,4096
0.0432,-0.4218,4096
0.0444,-0.4293,4096
0.0620,-0.4230,4096
0.0720,-0.4355,4096
0.1195,-0.4844,4096
0.0444,-0.4293,4096
0.0494,-0.4255,4096
0.0519,-0.4355,4096
0.0432,-0.4105,4096
0.0344,-0.4205,4096
0.0432,-0.4105,4096
0.0532,-0.4105,4096
0.0795,-0.4406,4096
0.0469,-0.3980,4096
0.0419,-0.4030,4096
0.0557,-0.4293,4096
0.0732,-0.4193,4096
0.0620,-0.4355,4096
0.0494,-0.4255,4096
0.0594,-0.4255,4096
0.0432,-0.4268,4096
0.0907,-0.4418,4096
0.1008,-0.4418,4096
0.0782,-0.4268,4096
0.0870,-0.4568,4096
0.1458,-0.4831,4096
0.0695,-0.4255,4096
0.0670,-0.4305,4096
0.0982,-0.4568,4096
0.0995,-0.4406,4096
0.1058,-0.4293,4096
0.1145,-0.4531,4096
0.1083,-0.4518,4096
0.0995,-0.4305,4096
0.0995,-0.4406,4096
0.1245,-0.4406,4096
0.1320,-0.4668,4096
0.1133,-0.4393,4096
0.1008,-0.4418,4096
0.0682,-0.4155,4096
0.1133,-0.4268,4096
0.1421,-0.4506,4096
0.1245,-0.4406,4096
0.1383,-0.4431,4096
0.5000,-0.0426,4096
0.1521,-0.4631,4096
0.0982,-0.4355,4096
0.1395,-0.4731,4096
0.1245,-0.4406,4096
0.0982,-0.4568,4096
0.2509,-0.2829,4096
0.1120,-0.4030,4096
0.1120,-0.4155,4096
0.1108,-0.4380,4096
0.1133,-0.4393,4096
0.1170,-0.4355,4096
0.1195,-0.4205,4096
0.1070,-0.4468,4096
0.2372,-0.2866,4096
0.5000,-0.0576,4096
0.4937,-0.0638,4096
0.4975,-0.0638,4096
0.5000,-0.0513,4096
0.2021,-0.3692,4096
-0.0932,-0.6070,4096
0.2534,-0.2741,4096
0.0732,-0.4093,4096
0.5000,-0.0538,4096
0.0732,-0.4093,4096
0.2584,-0.2891,4096
0.2196,-0.3041,4096
0.2347,-0.3154,4096
0.5000,-0.0526,4096
0.0532,-0.4105,4096
0.1083,-0.3967,4096
0.2447,-0.2854,4096
0.2347,-0.3016,4096
0.2447,-0.2804,4096
0.0657,-0.4205,4096
0.2497,-0.2628,4096
0.2497,-0.2628,4096
0.5000,-0.0451,4096
0.2234,-0.2766,4096
0.2171,-0.2829,4096
0.2347,-0.2816,4096
0.5000,-0.0438,4096
0.2434,-0.2603,4096
0.2209,-0.2603,4096
0.0294,-0.4068,4096
0.2247,-0.2678,4096
0.2259,-0.2628,4096
0.2222,-0.2553,4096
0.2309,-0.2591,4096
0.2372,-0.2528,4096
0.2284,-0.2603,4096
0.2134,-0.2703,4096
0.4987,-0.0426,4096
0.2284,-0.2541,4096
0.2472,-0.2428,4096
0.2309,-0.2453,4096
0.0294,-0.3967,4096
0.2397,-0.2353,4096
0.2309,-0.2378,4096
0.2334,-0.2428,4096
0.2146,-0.2491,4096
0.2121,-0.2478,4096
0.1971,-0.2591,4096
0.2184,-0.2403,4096
0.2084,-0.2416,4096
0.2159,-0.2390,4096
0.1996,-0.2441,4096
0.1996,-0.2441,4096
0.2034,-0.2390,4096
0.1921,-0.2390,4096
0.1921,-0.2328,4096
0.1846,-0.2303,4096
0.2009,-0.2340,4096
0.2134,-0.2290,4096
0.2259,-0.2165,4096
0.1996,-0.2290,4096
0.2034,-0.2203,4096
0.1834,-0.2253,4096
0.2059,-0.2190,4096
0.2046,-0.2165,4096
0.1809,-0.2203,4096
0.1733,-0.2153,4096
0.1821,-0.2203,4096
0.1733,-0.2178,4096
0.1996,-0.1940,4096
0.1696,-0.2065,4096
0.1696,-0.2065,4096
0.1596,-0.2028,4096
0.1946,-0.1927,4096
0.1208,-0.2028,4096
0.1558,-0.1890,4096
0.1471,-0.1940,4096
0.1483,-0.1902,4096
0.1533,-0.1915,4096
0.1483,-0.1827,4096
0.1358,-0.1790,4096
0.1496,-0.1827,4096
0.1320,-0.1877,4096
0.1408,-0.1740,4096
0.1345,-0.1677,4096
0.1596,-0.1539,4096
0.0957,-0.1802,4096
0.1145,-0.1727,4096
0.1421,-0.1539,4096
0.2972,-0.0726,4096
0.1395,-0.1552,4096
0.0720,-0.1640,4096
0.0907,-0.1589,4096
0.0970,-0.1702,4096
0.1195,-0.1439,4096
0.1158,-0.1439,4096
0.0882,-0.1677,4096
0.1070,-0.1527,4096
0.1408,-0.1364,4096
0.1108,-0.1364,4096
0.1170,-0.1289,4096
0.1158,-0.1239,4096
0.0920,-0.1352,4096
0.0832,-0.1364,4096
0.1508,-0.0989,4096
0.1020,-0.1139,4096
0.0645,-0.1427,4096
0.0670,-0.1314,4096
0.0770,-0.1339,4096
0.0995,-0.1164,4096
0.0494,-0.1377,4096
0.0695,-0.1227,4096
0.1083,-0.1039,4096
0.0982,-0.1001,4096
0.0119,-0.1227,4096
0.0257,-0.1302,4096
0.0156,-0.1314,4096
0.1020,-0.1014,4096
0.0607,-0.1076,4096
0.0244,-0.1139,4096
0.0457,-0.1239,4096
0.0895,-0.1039,4096
0.0469,-0.1001,4096
0.0757,-0.0826,4096
0.0444,-0.1089,4096
0.0832,-0.0901,4096
0.0419,-0.0939,4096
0.0319,-0.0926,4096
0.0156,-0.1001,4096
0.0019,-0.0951,4096
-0.0169,-0.1164,4096
-0.0181,-0.0964,4096
0.0119,-0.1014,4096
-0.0156,-0.1051,4096
0.0044,-0.1101,4096
0.0144,-0.1114,4096
0.0244,-0.1176,4096
0.0006,-0.1202,4096
-0.0069,-0.1089,4096
-0.0194,-0.1014,4096
-0.0369,-0.1101,4096
-0.0257,-0.1051,4096
-0.0006,-0.1176,4096
-0.0194,-0.1014,4096
-0.0194,-0.1126,4096
-0.0181,-0.1164,4096
-0.0081,-0.1176,4096
-0.0557,-0.1051,4096
-0.0219,-0.1139,4096
-0.0257,-0.1051,4096
-0.0019,-0.0989,4096
-0.0044,-0.1189,4096
-0.0432,-0.1014,4096
-0.0269,-0.0939,4096
-0.0307,-0.1114,4096
-0.0332,-0.1114,4096
-0.0232,-0.1026,4096
-0.0594,-0.1126,4096
-0.0332,-0.1076,4096
-0.0106,-0.1076,4096
-0.0494,-0.1001,4096
-0.0532,-0.1089,4096
-0.0419,-0.1101,4096
-0.0369,-0.1189,4096
-0.0081,-0.1076,4096
-0.0845,-0.0939,4096
-0.0069,-0.1089,4096
-0.0432,-0.1014,4096
-0.0494,-0.1101,4096
-0.0144,-0.1039,4096
-0.0469,-0.1139,4096
-0.0419,-0.1101,4096
-0.0106,-0.1076,4096
-0.0194,-0.1014,4096
0.0332,-0.1051,4096
-0.0344,-0.1039,4096
-0.0106,-0.1076,4096
-0.0181,-0.0964,6000
0.0144,-0.1014,6000
-0.0019,-0.0989,6000
-0.0369,-0.1089,6000
-0.0106,-0.1076,6000
-0.0044,-0.1189,6000
0.0244,-0.1139,6000
0.0081,-0.1089,6000
-0.0257,-0.1051,6000
0.0044,-0.1101,6000
-0.0219,-0.0951,6000
-0.0169,-0.1064,6000
-0.0194,-0.1014,6000
-0.0169,-0.1164,6000
-0.0131,-0.1076,6000
0.0006,-0.0989,6000
-0.0019,-0.1064,6000
-0.0557,-0.1252,6000
0.0194,-0.1239,6000
-0.0257,-0.1051,6000
-0.0332,-0.1164,6000
-0.0332,-0.1039,6000
0.0194,-0.1239,6000
-0.0457,-0.1189,6000
-0.0332,-0.1076,6000
-0.0169,-0.1164,6000
0.0031,-0.1452,6000
-0.0632,-0.1139,6000
-0.0282,-0.1277,6000
-0.0432,-0.1151,6000
-0.0494,-0.1101,6000
-0.0169,-0.1164,6000
-0.0407,-0.1114,6000
-0.0257,-0.1139,6000
-0.0594,-0.1064,6000
-0.0519,-0.1176,6000
-0.0757,-0.1114,6000
-0.0795,-0.1039,6000
-0.0807,-0.1114,6000
-0.0519,-0.1327,6000
-0.1170,-0.1001,6000
-0.0770,-0.1089,6000
-0.0657,-0.1202,6000
-0.0544,-0.1252,6000
-0.1033,-0.1114,6000
-0.0544,-0.1252,6000
-0.1120,-0.1114,6000
-0.0932,-0.1227,6000
-0.1145,-0.1089,6000
-0.1120,-0.1114,6000
-0.0845,-0.1389,6000
-0.0795,-0.1264,6000
-0.0782,-0.1327,6000
-0.0932,-0.1289,6000
-0.1083,-0.1252,6000
-0.1183,-0.1227,6000
-0.1608,-0.1001,6000
-0.1070,-0.1314,6000
-0.1145,-0.1327,6000
-0.1433,-0.1277,6000
-0.1133,-0.1364,6000
-0.1145,-0.1302,6000
-0.0857,-0.1439,6000
-0.1370,-0.1502,6000
-0.1370,-0.1452,6000
-0.1020,-0.1452,6000
-0.1208,-0.1389,6000
-0.1070,-0.1427,6000
-0.0720,-0.1602,6000
-0.1421,-0.1364,6000
-0.1233,-0.1464,6000
-0.1208,-0.1552,6000
-0.1145,-0.1577,6000
-0.1521,-0.1627,6000
-0.1596,-0.1514,6000
-0.1258,-0.1777,6000
-0.1208,-0.1752,6000
-0.2059,-0.1352,6000
-0.1496,-0.1727,6000
-0.1333,-0.1702,6000
-0.1521,-0.1765,6000
-0.1308,-0.2103,6000
-0.1471,-0.1990,6000
-0.1308,-0.2103,6000
-0.1533,-0.2115,6000
-0.1483,-0.2065,6000
-0.1746,-0.1902,6000
-0.1533,-0.2078,6000
-0.1821,-0.2078,6000
-0.1220,-0.2303,6000
-0.1408,-0.2353,6000
-0.1733,-0.2128,6000
-0.2084,-0.1915,6000
-0.1596,-0.2215,6000
-0.2184,-0.1927,6000
-0.2584,-0.1702,6000
-0.1934,-0.2128,6000
-0.2209,-0.2040,6000
-0.1984,-0.2190,6000
-0.1621,-0.2453,6000
-0.1621,-0.2453,6000
-0.1658,-0.2416,6000
-0.1909,-0.2303,6000
-0.1783,-0.2428,6000
-0.1796,-0.2403,6000
-0.1796,-0.2403,6000
-0.1834,-0.2365,6000
-0.2084,-0.2265,6000
-0.1708,-0.2478,6000
-0.1571,-0.2591,6000
-0.1884,-0.2441,6000
-0.1733,-0.2578,6000
-0.1733,-0.2578,6000
-0.1846,-0.2541,6000
-0.1721,-0.2653,6000
-0.1846,-0.2603,6000
-0.1733,-0.2641,6000
-0.1921,-0.2528,6000
-0.1846,-0.2603,6000
-0.1846,-0.2603,6000
-0.1796,-0.2666,6000
-0.1846,-0.2603,6000
-0.1959,-0.2566,6000
-0.1859,-0.2716,6000
-0.1721,-0.2791,6000
-0.1884,-0.2703,6000
-0.2084,-0.2578,6000
-0.1971,-0.2616,6000
-0.1884,-0.2703,6000
-0.1884,-0.2778,6000
-0.1783,-0.2879,6000
-0.1783,-0.2804,6000
-0.1783,-0.2804,6000
-0.1896,-0.2766,6000
-0.1984,-0.2678,6000
-0.2046,-0.2691,6000
-0.1996,-0.2816,6000
-0.1834,-0.2829,6000
-0.1846,-0.2829,6000
-0.1834,-0.2829,6000
-0.1783,-0.2879,6000
-0.1783,-0.2879,6000
-0.1959,-0.2941,6000
-0.1959,-0.2941,6000
-0.1896,-0.2929,6000
-0.1746,-0.3004,6000
-0.0244,-0.4118,6000
-0.2247,-0.2816,6000
-0.0444,-0.4255,6000
-0.2146,-0.2929,6000
-0.2121,-0.2854,6000
-0.1946,-0.2804,6000
-0.0257,-0.4218,6000
-0.0307,-0.4068,6000
-0.0457,-0.4218,6000
-0.0219,-0.4155,6000
-0.0131,-0.4230,6000
-0.0882,-0.4230,6000
-0.0282,-0.4105,6000
-0.0632,-0.4268,6000
-0.0544,-0.4130,6000
-0.0920,-0.4318,6000
-0.0720,-0.4280,6000
-0.0945,-0.4180,6000
-0.1145,-0.4193,6000
-0.0895,-0.4506,6000
-0.0469,-0.4230,6000
-0.1959,-0.3141,6000
-0.2146,-0.3579,6000
-0.2334,-0.3154,6000
-0.0920,-0.4318,6000
-0.2034,-0.3267,6000
-0.1320,-0.4280,6000
-0.1996,-0.3191,6000
-0.1884,-0.3592,6000
-0.2159,-0.3379,6000
-0.2422,-0.3354,6000
-0.1283,-0.4706,6000
-0.1696,-0.3329,6000
-0.1195,-0.4481,6000
-0.1996,-0.3329,6000
-0.2222,-0.3191,6000
-0.1108,-0.4481,6000
-0.1471,-0.4093,6000
-0.0782,-0.4230,6000
-0.1033,-0.4493,6000
-0.1058,-0.4606,6000
-0.0882,-0.4393,6000
-0.2259,-0.3417,6000
-0.2509,-0.3229,6000
-0.1671,-0.4180,6000
-0.1358,-0.3942,6000
-0.1070,-0.4518,6000
-0.1133,-0.4693,6000
-0.1233,-0.4831,6000
-0.0319,-0.4080,6000
-0.1058,-0.4606,6000
-0.1383,-0.4806,6000
-0.1333,-0.4781,6000
-0.1370,-0.4706,6000
-0.1258,-0.4531,6000
-0.1233,-0.4568,6000
-0.1120,-0.4706,6000
-0.1283,-0.4919,6000
-0.1233,-0.4768,6000
-0.0519,-0.4631,6000
-0.1320,-0.4869,6000
-0.0282,-0.4393,6000
-0.1283,-0.4919,6000
-0.1320,-0.4869,6000
-0.1258,-0.4731,6000
-0.1183,-0.4844,6000
-0.1208,-0.5031,6000
-0.1170,-0.4956,6000
-0.1095,-0.4944,6000
-0.1095,-0.4944,6000
-0.1245,-0.4981,6000
-0.1195,-0.5044,6000
-0.0382,-0.4406,6000
-0.1183,-0.4844,6000
-0.1095,-0.4944,6000
-0.1183,-0.4844,6000
-0.1195,-0.5044,6000
-0.0094,-0.4168,6000
-0.0156,-0.4205,6000
-0.1095,-0.4944,6000
-0.1095,-0.4944,6000
0.0106,-0.4093,6000
-0.0056,-0.4130,6000
-0.0031,-0.4243,6000
-0.1095,-0.4944,6000
-0.0094,-0.4481,6000
-0.0895,-0.4793,6000
0.0106,-0.4293,6000
-0.0131,-0.4230,6000
0.0106,-0.4168,6000
0.0119,-0.4205,6000
0.0056,-0.4130,6000
0.0181,-0.4068,6000
0.0181,-0.4155,6000
-0.1233,-0.5269,6000
0.0006,-0.4168,6000
0.0069,-0.4168,6000
-0.0031,-0.4243,6000
-0.1058,-0.5232,6000
0.0106,-0.4168,6000
0.0094,-0.4343,6000
0.0194,-0.4255,6000
0.0194,-0.4255,6000
0.0106,-0.4168,6000
0.0044,-0.4205,6000
0.0194,-0.4355,6000
-0.0207,-0.4706,6000
-0.0119,-0.4456,6000
0.0069,-0.4230,6000
0.0106,-0.4168,6000
0.0144,-0.4118,6000
0.0044,-0.4205,6000
-0.0019,-0.4343,6000
0.0181,-0.4155,6000
0.0069,-0.4230,6000
0.0181,-0.4193,6000
0.0194,-0.4355,6000
0.0344,-0.4205,6000
-0.1133,-0.5294,6000
0.0094,-0.4255,6000
-0.1208,-0.5169,6000
0.0194,-0.4255,6000
0.0232,-0.4205,6000
0.0282,-0.4255,6000
0.0519,-0.4355,6000
0.0482,-0.4343,6000
0.0645,-0.4218,6000
0.0144,-0.4205,6000
0.0332,-0.4305,6000
0.0344,-0.4205,6000
0.0482,-0.4343,6000
0.0519,-0.4355,6000
0.0482,-0.4180,6000
0.0282,-0.4168,6000
0.1433,-0.4969,6000
0.0344,-0.4205,6000
0.0432,-0.4105,6000
0.0394,-0.4168,6000
0.0519,-0.4118,6000
0.0594,-0.4255,6000
0.0670,-0.4393,6000
0.0432,-0.4218,6000
0.0494,-0.4255,6000
0.0620,-0.4443,6000
0.0432,-0.4105,6000
0.0344,-0.4205,6000
0.0670,-0.4305,6000
0.1308,-0.4656,6000
0.0557,-0.4205,6000
0.0469,-0.4068,6000
0.0232,-0.4118,6000
0.0857,-0.4468,6000
0.0695,-0.4255,6000
0.0582,-0.4155,6000
0.0494,-0.4255,6000
0.0594,-0.4255,6000
0.1095,-0.4643,6000
0.1020,-0.4431,6000
0.0920,-0.4355,6000
0.0757,-0.4293,6000
0.0932,-0.4631,6000
0.1145,-0.4618,6000
0.1208,-0.4668,6000
0.0882,-0.4406,6000
0.1333,-0.4781,6000
0.0995,-0.4406,6000
0.1158,-0.4380,6000
0.1070,-0.4468,6000
0.1158,-0.4518,6000
0.1083,-0.4305,6000
0.0782,-0.4155,6000
0.1158,-0.4518,6000
0.1308,-0.4618,6000
0.1033,-0.4368,6000
0.1070,-0.4468,6000
0.0620,-0.4118,6000
0.1533,-0.4643,6000
0.1395,-0.4481,6000
0.1233,-0.4343,6000
0.1183,-0.4368,6000
0.4950,-0.0638,6000
0.1458,-0.4656,6000
0.1070,-0.4468,6000
0.1395,-0.4731,6000
0.1383,-0.4543,6000
0.1070,-0.4468,6000
0.2447,-0.2854,6000
0.1133,-0.4268,6000
0.1208,-0.4318,6000
0.2897,-0.2753,6000
0.0882,-0.4293,6000
0.1120,-0.4218,6000
0.0945,-0.4330,6000
0.0907,-0.4255,6000
0.2334,-0.3066,6000
0.1008,-0.4143,6000
0.1120,-0.4155,6000
0.1145,-0.4118,6000
0.5000,-0.0576,6000
0.1683,-0.3730,6000
0.1158,-0.4130,6000
0.2660,-0.2703,6000
0.0494,-0.4143,6000
0.0632,-0.4280,6000
0.2397,-0.2678,6000
0.2322,-0.2841,6000
0.2297,-0.3091,6000
0.2434,-0.2929,6000
0.5000,-0.0538,6000
0.2384,-0.2578,6000
0.0882,-0.4068,6000
0.0945,-0.4168,6000
0.2509,-0.2829,6000
0.0707,-0.4230,6000
0.2284,-0.2829,6000
0.2472,-0.2678,6000
0.2397,-0.2678,6000
0.5000,-0.0451,6000
0.2384,-0.2728,6000
0.2259,-0.2816,6000
0.2347,-0.2816,6000
0.2422,-0.2653,6000
0.2247,-0.2716,6000
0.2259,-0.2628,6000
0.2284,-0.2541,6000
0.2284,-0.2628,6000
0.2272,-0.2578,6000
0.2272,-0.2578,6000
0.2309,-0.2603,6000
0.2272,-0.2578,6000
0.2184,-0.2678,6000
0.2109,-0.2653,6000
0.5000,-0.0401,6000
0.2222,-0.2553,6000
0.2397,-0.2453,6000
0.2384,-0.2441,6000
0.2284,-0.2441,6000
0.2384,-0.2365,6000
0.2259,-0.2441,6000
0.2159,-0.2478,6000
0.2134,-0.2516,6000
0.2159,-0.2478,6000
0.2034,-0.2528,6000
0.2146,-0.2428,6000
0.2096,-0.2378,6000
0.2071,-0.2453,6000
0.2034,-0.2441,6000
0.2096,-0.2378,6000
0.2021,-0.2340,6000
0.1984,-0.2328,6000
0.1921,-0.2390,6000
0.1884,-0.2315,6000
0.1959,-0.2403,6000
0.2171,-0.2303,6000
0.2171,-0.2215,6000
0.2096,-0.2278,6000
0.2059,-0.2215,6000
0.1884,-0.2290,6000
0.2034,-0.2178,6000
0.1909,-0.2215,6000
0.1896,-0.2128,6000
0.1796,-0.2190,6000
0.1733,-0.2178,6000
0.1771,-0.2190,6000
0.1721,-0.2078,6000
0.1846,-0.1915,6000
0.1658,-0.2053,6000
0.1596,-0.2040,6000
0.1884,-0.1890,6000
0.1308,-0.1990,6000
0.1633,-0.1965,6000
0.1508,-0.1902,6000
0.1345,-0.1890,6000
0.1546,-0.1840,6000
0.1383,-0.1777,6000
0.1320,-0.1877,6000
0.1358,-0.1890,6000
0.1558,-0.1627,6000
0.1295,-0.1740,6000
0.1358,-0.1589,6000
0.1533,-0.1514,6000
0.0957,-0.1790,6000
0.1245,-0.1652,6000
0.1320,-0.1577,6000
0.1320,-0.1464,6000
0.1446,-0.1489,6000
0.0720,-0.1640,6000
0.0757,-0.1715,6000
0.1058,-0.1627,6000
0.1083,-0.1527,6000
0.0957,-0.1514,6000
0.1008,-0.1514,6000
0.0970,-0.1502,6000
0.1596,-0.1264,6000
0.1195,-0.1327,6000
0.0957,-0.1389,6000
0.1295,-0.1202,6000
0.0995,-0.1327,6000
0.0807,-0.1364,6000
0.0982,-0.1264,6000
0.0745,-0.1339,6000
0.0607,-0.1414,6000
0.0832,-0.1252,6000
0.0907,-0.1277,6000
0.0870,-0.1252,6000
0.0645,-0.1302,6000
0.0544,-0.1176,6000
0.1083,-0.1039,6000
0.0657,-0.1214,6000
0.0219,-0.1239,6000
0.0044,-0.1302,6000
0.0081,-0.1214,6000
0.0645,-0.1089,6000
0.0645,-0.1089,6000
0.0244,-0.1139,6000
0.0432,-0.1176,6000
0.1045,-0.1001,6000
0.0607,-0.1014,6000
0.0682,-0.0976,6000
0.0244,-0.1139,6000
0.0670,-0.0976,6000
0.0332,-0.1051,6000
0.0144,-0.0989,6000
0.0219,-0.0901,6000
0.0094,-0.0951,6000
-0.0219,-0.1089,6000
0.0181,-0.1114,6000
0.0432,-0.1064,6000
-0.0006,-0.1026,6000
0.0069,-0.1114,6000
0.0044,-0.1039,6000
0.0006,-0.1064,6000
-0.0156,-0.1151,6000
-0.0081,-0.1139,6000
-0.0257,-0.1051,6000
-0.0469,-0.1101,6000
-0.0169,-0.1164,6000
0.0244,-0.1139,6000
-0.0219,-0.1026,6000
-0.0181,-0.1164,6000
0.0257,-0.1151,6000
-0.0219,-0.1151,6000
-0.0507,-0.1039,6000
-0.0181,-0.1139,6000
-0.0294,-0.1126,6000
-0.0044,-0.0989,6000
-0.0219,-0.1151,6000
-0.0594,-0.1064,6000
-0.0432,-0.1014,6000
-0.0419,-0.1101,6000
-0.0357,-0.1126,6000
-0.0282,-0.1064,6000
-0.0181,-0.1252,6000
-0.0294,-0.1039,6000
-0.0094,-0.1151,6000
-0.0419,-0.1001,6000
-0.0544,-0.1164,6000
-0.0432,-0.1014,6000
-0.0169,-0.1164,6000
-0.0069,-0.1089,6000
-0.0757,-0.0951,6000
-0.0219,-0.1151,6000
-0.0294,-0.1039,6000
-0.0494,-0.1101,6000
-0.0419,-0.1101,6000
-0.0219,-0.1151,6000
-0.0419,-0.1101,6000
-0.0181,-0.1139,6000
-0.0144,-0.1064,6000
0.0094,-0.1114,6000
-0.0169,-0.1064,6000
-0.0257,-0.1051,6000
