-0.0582,-0.1176,512
0.0582,-0.1252,512
-0.0519,-0.0864,512
-0.0219,-0.1076,512
-0.2710,-0.8498,512
-0.0645,-0.1039,512
0.2322,-0.2065,512
-0.0207,-0.1164,512
0.4499,-0.2416,512
0.0031,-0.0864,512
0.0156,-0.1014,512
-0.0257,-0.0901,512
-0.0582,-0.1014,512
-0.4787,-0.2340,512
0.3473,-0.1715,512
-0.4574,-0.2578,512
0.0106,-0.1076,512
-0.0569,-0.1076,512
0.4136,-0.2090,512
0.0319,-0.0926,512
-0.0820,-0.0751,512
-0.0156,-0.0939,512
0.0432,-0.1176,512
0.0194,-0.0889,512
-0.0181,-0.0964,512
-0.0457,-0.0738,512
-0.0081,-0.1101,512
0.2872,-0.2290,512
-0.0044,-0.0951,512
0.0294,-0.1001,512
-0.0194,-0.0951,512
-0.3248,-0.3967,512
-0.0282,-0.0964,512
-0.0795,-0.6496,512
0.2509,-0.1940,512
-0.0269,-0.0851,512
-0.1108,-0.0889,512
0.3035,-0.2303,512
-0.3623,-1.0000,512
-0.0419,-0.0814,512
-0.0469,-0.1402,512
-0.0469,-0.1051,512
-0.0695,-0.1139,512
-0.0407,-0.1202,512
-0.0181,-0.1239,512
-0.2635,-0.2015,512
-0.1533,-0.5519,512
-0.0482,-0.1414,512
-0.0845,-0.1252,512
-0.0657,-0.1352,512
-0.0645,-0.1352,512
0.2209,-0.3191,512
-0.1145,-0.1076,512
-0.0695,-0.1364,512
-0.0870,-0.1352,512
0.2322,-0.2503,512
-0.1183,-0.1352,512
-0.2259,-0.0889,512
-0.1421,-0.1277,512
-0.0757,-0.1114,512
0.4424,-0.3292,512
0.1721,-0.2616,512
-0.0757,-0.1464,512
-0.1333,-0.1239,512
0.4049,-0.3492,512
-0.1546,-0.1389,512
-0.1395,-0.1502,512
0.2222,-0.2691,512
-0.1683,-0.1252,512
-0.0407,-0.1865,512
0.4975,-0.6558,512
-0.1408,-0.1402,512
-0.1020,-0.1627,512
-0.1596,-0.1727,512
0.1884,-0.3242,512
0.3385,-0.3805,512
-0.2209,-0.1264,512
-0.1145,-0.1852,512
-0.4900,-0.2340,512
-0.2872,-0.8423,512
-0.1859,-0.1577,512
-0.1333,-0.1790,512
-0.1195,-0.1940,512
-0.0945,-0.2178,512
0.3273,-0.4268,512
-0.1521,-0.1840,512
-0.1433,-0.1840,512
-0.2046,-0.1765,512
-0.1583,-0.2028,512
-0.0982,-0.2240,512
-0.1846,-0.1802,512
-0.1746,-0.1977,512
-0.1633,-0.0851,512
-0.1658,-0.1940,512
-0.1721,-0.1890,512
-0.4186,-0.6658,512
-0.1433,-0.2090,512
-0.2096,-0.1865,512
-0.1421,-0.2478,512
-0.2084,-0.2065,512
-0.0407,-0.3079,512
-0.1971,-0.2090,512
0.3098,-0.5457,512
-0.1508,-0.2428,512
-0.1884,-0.2290,512
0.3736,-0.6070,512
0.2121,-0.4668,512
-0.3623,-0.1151,512
-0.4524,-0.0576,512
-0.1308,-0.2841,512
-0.1746,-0.2591,512
-0.0519,-0.3529,512
-0.2046,-0.2478,512
-0.0507,-0.3542,512
-0.1834,-0.2616,512
-0.0482,-0.3567,512
0.4262,-0.7347,512
-0.0269,-0.4105,512
-0.2134,-0.2603,512
-0.0582,-0.3917,512
0.3686,-0.7259,512
-0.0444,-0.4030,512
-0.4011,-0.1076,512
0.2222,-0.6033,512
-0.1758,-0.2866,512
-0.2222,-0.2290,512
-0.4036,-0.1314,512
-0.1959,-0.2941,512
0.2384,-0.6608,512
-0.3385,-0.1665,512
-0.1683,-0.3367,512
-0.1771,-0.3154,512
-0.1070,-0.3830,512
-0.0845,-0.4055,512
0.3260,-0.8010,512
-0.2497,-0.2541,512
0.4837,-0.0250,512
-0.0920,-0.3967,512
0.3723,-0.8648,512
-0.3974,-0.4656,512
-0.0832,-0.4531,512
-0.1446,-0.3855,512
-0.4962,-0.0513,512
-0.1183,-0.4643,512
-0.4712,-0.0213,512
-0.1558,-0.3504,512
-0.3999,-0.1627,512
-0.4337,-0.1289,512
-0.1783,-0.3542,512
0.4262,-0.2516,512
-0.1583,-0.3755,512
0.3448,-0.4593,512
-0.1120,-0.4706,512
-0.2785,-0.2841,512
0.1295,-0.9937,512
-0.0820,-0.4706,512
-0.0857,-0.4431,512
-0.0432,-0.5194,512
-0.1045,-0.4205,512
-0.0882,-0.4668,512
-0.1821,-0.3805,512
-0.1408,-0.4018,512
-0.0820,-0.4906,512
-0.4900,-0.1815,512
-0.0632,-0.4956,512
-0.0882,-0.4318,512
-0.0820,-0.4443,512
-0.4937,-0.2203,512
-0.2497,-0.0651,512
-0.1333,-0.4431,512
-0.1783,-0.5244,512
-0.0469,-0.4706,512
-0.0920,-0.4781,512
-0.0569,-0.4481,512
0.1596,-0.4856,512
-0.4262,-0.6683,512
-0.0920,-0.4781,512
-0.0757,-0.4756,512
-0.0982,-0.4393,512
-0.4474,-0.7159,512
-0.0795,-0.4493,512
-0.2497,-0.8849,512
0.3648,-0.8548,512
-0.0645,-0.5807,512
-0.2184,-0.5407,512
-0.1058,-0.4819,512
-0.0106,-0.4681,512
0.3561,-0.2278,512
-0.2222,-0.3630,512
-0.0319,-0.4255,512
-0.4700,-0.8611,512
-0.0820,-0.4869,512
0.1070,-0.3517,512
-0.0695,-0.4869,512
-0.3899,-0.7697,512
0.0019,-0.4844,512
-0.5000,-0.8373,512
-0.0757,-0.5232,512
-0.1233,-0.5269,512
-0.3961,-0.6921,512
-0.0432,-0.5056,512
0.3010,-0.7747,512
0.1758,-0.8999,512
-0.0357,-0.4568,512
-0.0156,-0.4606,512
-0.0457,-0.4556,512
-0.2635,-0.7259,512
0.0207,-0.5169,512
-0.3473,-0.1927,512
-0.0207,-0.4656,512
-0.1183,-0.5745,512
-0.2209,-0.1890,512
0.0332,-0.4193,512
0.4349,-1.0000,512
-0.0019,-0.8748,512
-0.0094,-0.4831,512
0.0720,-0.4443,512
-0.0770,-1.0000,512
0.0207,-0.4431,512
0.0557,-0.4205,512
0.0319,-0.4531,512
-0.1020,-0.1890,512
0.2559,-0.5745,512
-0.1984,-0.7522,512
0.0757,-0.4681,512
0.0707,-0.4431,512
0.4412,-0.8398,512
0.0444,-0.4881,512
0.0131,-0.4581,512
0.0444,-0.4881,512
0.0832,-0.4268,512
-0.2121,-0.1227,512
0.1145,-0.4293,512
0.0870,-0.4543,512
0.0932,-0.4330,512
0.0832,-0.4593,512
-0.5000,-0.1202,512
-0.3448,-0.9299,512
0.1696,-0.0738,512
0.0995,-0.4581,512
0.0907,-0.4506,512
-0.0632,-0.6608,512
0.1120,-0.4706,512
-0.3085,-0.3204,512
0.1220,-0.4506,512
-0.1533,-0.6909,512
-0.0995,-0.6408,512
0.1708,-0.4305,512
0.0920,-0.4518,512
-0.3886,-0.6771,512
0.1446,-0.4343,512
0.3573,-0.2090,512
-0.3023,-0.4668,512
-0.1546,-0.1539,512
0.1558,-0.4343,512
0.2960,-0.0688,512
-0.4975,-0.0038,512
-0.0857,-0.5882,512
-0.4850,-1.0000,512
-0.5000,-0.9124,512
0.4249,-0.1514,512
-0.0444,-0.6245,512
-0.4950,-1.0000,512
0.2272,-0.3742,512
0.2222,-0.2378,512
0.2272,-0.3655,512
-0.2710,-0.8360,512
-0.1208,-0.8661,512
-0.3385,-0.8598,512
0.1846,-0.3642,512
0.1733,-0.3892,512
0.1971,-0.3655,512
0.1646,-0.3529,512
0.1245,-0.4105,512
0.1208,-0.4168,512
0.1521,-0.3767,512
-0.2660,-0.7960,512
0.1383,-0.3705,512
-0.4912,-0.9962,512
0.1458,-0.9987,512
0.1083,-0.4093,512
0.1708,-0.3967,512
0.2660,-0.2841,512
0.1708,-0.3154,512
-0.4412,-0.9111,512
0.1996,-0.3317,512
0.2334,-0.2904,512
-0.4061,-0.8285,512
0.0106,-0.5019,512
0.0307,-0.4781,512
0.5000,-0.0588,512
0.2046,-0.2891,512
0.2234,-0.2941,512
-0.1984,-0.6846,512
0.0807,-0.3917,512
0.2735,-0.2641,512
0.1846,-0.3229,512
0.2484,-0.2528,512
-0.4174,-0.8010,512
-0.3611,-0.7184,512
-0.2760,-0.6834,512
0.2334,-0.2641,512
0.2797,-0.2228,512
-0.4912,-0.0313,512
-0.1733,-0.5895,512
0.2059,-0.2716,512
0.1683,-0.2829,512
-0.3248,-0.6608,512
0.4800,-0.3642,512
0.5000,-0.0388,512
0.2084,-0.2741,512
0.1621,-0.2854,512
0.2196,-0.2428,512
0.2222,-0.2278,512
0.2297,-0.2353,512
0.2071,-0.2566,512
0.2109,-0.2378,512
-0.3098,-0.6170,512
0.0119,-0.3917,512
0.1909,-0.2503,512
0.1558,-0.2616,512
0.2171,-0.2203,512
0.5000,-0.0250,512
0.0144,-0.3479,512
0.1946,-0.2441,512
0.0106,-0.3517,512
-0.0632,-0.3492,512
0.1821,-0.2203,512
0.1558,-0.2390,512
0.1959,-0.2090,512
0.1521,-0.2290,512
0.4111,-0.0626,512
0.4024,-0.9925,512
0.1633,-0.2153,512
-0.1783,-0.4030,512
0.2134,-0.1865,512
0.1671,-0.4343,512
-0.4174,-0.7159,512
-0.0494,-0.3342,512
0.1646,-0.1977,512
-0.2309,-0.4118,512
0.2109,-0.1727,512
-0.4937,-0.5845,512
-0.0782,-0.3091,512
0.2159,-0.1514,512
0.1508,-0.1840,512
-0.3448,-0.4531,512
0.4149,-0.6258,512
0.2121,-0.1640,512
0.1771,-0.1677,512
0.2735,-0.4631,512
-0.2184,-0.5407,512
-0.2397,-0.3605,512
0.1783,-0.1439,512
0.1233,-0.1677,512
0.2059,-0.1302,512
0.1283,-0.1577,512
-0.3548,-0.3930,512
-0.4061,-0.4080,512
-0.2096,-0.3329,512
-0.1796,-0.3104,512
-0.4324,-0.3867,512
0.1345,-0.1677,512
-0.4349,-0.3917,512
0.0031,-0.7847,512
0.0895,-0.1427,512
-0.0645,-0.0563,512
-0.0044,-0.1765,512
0.1408,-0.1227,512
-0.2547,-0.3004,512
0.1295,-0.1202,512
-0.2885,-0.3166,512
0.0882,-0.1264,512
-0.1383,-0.3529,512
-0.1333,-0.2053,512
0.4662,-0.2053,512
0.3986,-0.6596,512
0.1058,-0.0976,512
0.0307,-0.1602,512
0.0707,-0.1227,512
0.1070,-0.1202,512
0.1058,-0.0976,512
0.0244,-0.1252,512
-0.4412,-0.5394,512
-0.2985,-0.2616,512
0.0482,-0.1126,512
0.4524,-0.2929,512
0.1020,-0.0864,512
0.0932,-0.0951,512
0.5000,-0.2253,512
0.0269,-0.0876,512
0.0607,-0.1101,512
0.0532,-0.1189,512
-0.0332,-0.1427,512
0.0607,-0.1014,512
0.0720,-0.1114,512
0.4599,-0.2441,512
0.0569,-0.0651,512
-0.0144,-0.1001,512
0.0732,-0.1051,512
0.3073,-0.2453,512
-0.0494,-0.1114,512
0.0482,-0.1126,512
0.0569,-0.0939,512
-0.0131,-0.1076,512
-0.3135,-0.3529,512
-0.0319,-0.0864,512
-0.0081,-0.1026,512
0.0181,-0.0901,512
0.0519,-0.0951,512
0.0056,-0.1064,512
0.4587,-0.6083,512
-0.0507,-0.1014,512
0.3961,-0.2628,512
0.3160,-0.2028,512
0.0119,-0.0889,512
-0.4987,-0.2616,512
0.4449,-0.0013,512
-0.0407,-0.1114,512
0.2259,-0.4706,512
0.2584,-0.3705,512
0.0469,-0.1001,512
-0.0056,-0.0989,512
-0.0156,-0.0851,512
0.0006,-0.1026,512
-0.1270,-0.6195,512
0.0257,-0.1076,512
0.0006,-0.0914,512
0.0594,-0.0926,512
-0.0069,-0.1001,512
0.0582,-0.0889,512
0.4750,-0.2190,512
0.0257,-0.1076,512
-0.0194,-0.0951,512
-0.2247,-0.6884,512
0.0269,-0.1176,512
0.0807,-0.0976,512
0.0044,-0.0926,512
0.4612,-0.2603,512
-0.0257,-0.0901,512
0.0006,-0.1026,512
0.3335,-0.1977,512
0.0482,-0.1189,512
0.0394,-0.1026,512
-0.0469,-0.1051,512
-0.0169,-0.0851,512
0.0257,-0.1076,512
0.4662,-0.2428,512
-0.0169,-0.1064,512
0.0219,-0.1089,512
0.0294,-0.1039,1024
0.0119,-0.1014,1024
-0.0181,-0.0964,1024
-0.0544,-0.1001,1024
-0.0244,-0.0889,1024
0.0044,-0.0876,1024
-0.0181,-0.1051,1024
0.0056,-0.1101,1024
0.0181,-0.1026,1024
-0.0044,-0.0989,1024
-0.0119,-0.1039,1024
-0.0194,-0.1014,1024
-0.0019,-0.0989,1024
-0.0232,-0.1064,1024
0.0444,-0.0939,1024
-0.0131,-0.1076,1024
0.0019,-0.1001,1024
-0.0257,-0.0951,1024
-0.0419,-0.0814,1024
-0.0106,-0.1076,1024
-0.0369,-0.1064,1024
0.0307,-0.1039,1024
0.0044,-0.1039,1024
-0.0069,-0.0964,1024
-0.0119,-0.0851,1024
-0.0419,-0.0964,1024
-0.0181,-0.1051,1024
-0.0232,-0.0951,1024
0.0257,-0.0914,1024
-0.0119,-0.0964,1024
-0.0482,-0.0914,1024
-0.0131,-0.1051,1024
-0.0181,-0.0964,1024
-0.0081,-0.1202,1024
-0.0419,-0.1089,1024
-0.0081,-0.0976,1024
-0.0444,-0.1014,1024
-0.0357,-0.1126,1024
-0.0044,-0.1189,1024
-0.0332,-0.0939,1024
-0.0494,-0.1101,1024
-0.0594,-0.1064,1024
-0.0645,-0.1151,1024
-0.0332,-0.1289,1024
-0.0282,-0.1277,1024
-0.0494,-0.1214,1024
-0.0720,-0.1202,1024
-0.0620,-0.1377,1024
-0.0582,-0.1352,1024
-0.0357,-0.1214,1024
-0.0832,-0.1214,1024
-0.1033,-0.1264,1024
-0.1183,-0.1227,1024
-0.0895,-0.1302,1024
-0.0745,-0.1402,1024
-0.0857,-0.1439,1024
-0.1008,-0.1339,1024
-0.1733,-0.1014,1024
-0.1283,-0.1264,1024
-0.0932,-0.1227,1024
-0.1433,-0.1164,1024
-0.1370,-0.1339,1024
-0.1408,-0.1227,1024
-0.1408,-0.1227,1024
-0.1621,-0.1289,1024
-0.1358,-0.1489,1024
-0.1133,-0.1364,1024
-0.1370,-0.1277,1024
-0.1421,-0.1427,1024
-0.1295,-0.1464,1024
-0.1295,-0.1527,1024
-0.1696,-0.1389,1024
-0.1095,-0.1640,1024
-0.1446,-0.1702,1024
-0.1433,-0.1477,1024
-0.1145,-0.1815,1024
-0.1696,-0.1552,1024
-0.1508,-0.1665,1024
-0.1758,-0.1539,1024
-0.1496,-0.1727,1024
-0.1708,-0.1640,1024
-0.1258,-0.1865,1024
-0.1884,-0.1577,1024
-0.1683,-0.1777,1024
-0.1796,-0.1727,1024
-0.1521,-0.1840,1024
-0.1946,-0.1589,1024
-0.1959,-0.1765,1024
-0.1921,-0.1715,1024
-0.1133,-0.2228,1024
-0.1721,-0.1877,1024
-0.1345,-0.2165,1024
-0.1383,-0.2140,1024
-0.1345,-0.2128,1024
-0.1683,-0.1927,1024
-0.1596,-0.2115,1024
-0.1533,-0.2115,1024
-0.1871,-0.1952,1024
-0.1408,-0.2365,1024
-0.1996,-0.2028,1024
-0.1295,-0.2390,1024
0.3023,-0.5344,1024
-0.1408,-0.2516,1024
-0.1633,-0.2378,1024
-0.1909,-0.2203,1024
-0.1696,-0.2491,1024
-0.0056,-0.3554,1024
-0.1370,-0.2653,1024
-0.1646,-0.2653,1024
-0.1508,-0.2753,1024
-0.1571,-0.2591,1024
-0.0820,-0.3267,1024
-0.2084,-0.2315,1024
-0.0094,-0.3905,1024
-0.1921,-0.2528,1024
-0.4912,-0.0363,1024
-0.3949,-0.1101,1024
-0.4224,-0.0951,1024
-0.2872,-0.1990,1024
-0.2434,-0.2365,1024
0.3586,-0.6959,1024
-0.2059,-0.2678,1024
0.1896,-0.5907,1024
-0.1996,-0.2816,1024
-0.2121,-0.2766,1024
-0.2922,-0.2053,1024
-0.1546,-0.3116,1024
-0.1496,-0.3242,1024
-0.2021,-0.2791,1024
-0.1783,-0.3141,1024
-0.2635,-0.2416,1024
-0.1671,-0.3254,1024
-0.1608,-0.3329,1024
-0.2134,-0.2941,1024
-0.0307,-0.4606,1024
-0.2885,-0.2340,1024
-0.1408,-0.3667,1024
-0.0782,-0.4393,1024
-0.3623,-0.1815,1024
-0.3285,-0.2153,1024
-0.3073,-0.2315,1024
-0.1308,-0.3880,1024
-0.3398,-0.8836,1024
-0.1446,-0.3855,1024
0.3110,-0.8248,1024
-0.3398,-0.2040,1024
-0.0732,-0.4693,1024
-0.4312,-0.0088,1024
-0.1758,-0.3367,1024
-0.1896,-0.3016,1024
-0.1658,-0.3717,1024
-0.0444,-0.4731,1024
-0.2284,-0.3542,1024
0.2109,-0.7021,1024
-0.1258,-0.4531,1024
-0.1320,-0.4243,1024
-0.2347,-0.3154,1024
-0.4887,-0.0701,1024
-0.2372,-0.3016,1024
-0.0607,-0.4969,1024
-0.2046,-0.3517,1024
-0.1408,-0.4155,1024
-0.1058,-0.4606,1024
-0.0995,-0.4869,1024
-0.1596,-0.3667,1024
-0.0782,-0.4481,1024
-0.1070,-0.4305,1024
-0.1120,-0.4218,1024
-0.0732,-0.4693,1024
-0.1045,-0.4456,1024
-0.0632,-0.4268,1024
-0.0957,-0.4443,1024
-0.0945,-0.4431,1024
-0.0832,-0.4556,1024
-0.0732,-0.4693,1024
-0.1120,-0.4706,1024
-0.1008,-0.4681,1024
0.1446,-0.0814,1024
-0.0932,-0.4593,1024
-0.2222,-0.5620,1024
-0.0582,-0.4556,1024
-0.4061,-0.6934,1024
0.4099,-0.7947,1024
-0.0419,-0.4743,1024
-0.1696,-0.6183,1024
-0.1170,-0.5094,1024
-0.0106,-0.4593,1024
-0.2234,-0.5732,1024
-0.0682,-0.5069,1024
-0.2972,-0.6383,1024
0.0056,-0.4255,1024
-0.0845,-0.4856,1024
-0.0419,-0.4743,1024
-0.0319,-0.4718,1024
-0.2660,-0.6546,1024
-0.0181,-0.4643,1024
-0.0507,-0.4793,1024
-0.2922,-0.6971,1024
-0.1283,-0.4919,1024
-0.0720,-0.5257,1024
-0.0307,-0.4718,1024
-0.0444,-0.4856,1024
-0.0469,-0.4568,1024
-0.0419,-0.4743,1024
-0.0144,-0.4656,1024
-0.0144,-0.4793,1024
-0.0144,-0.4919,1024
0.0219,-0.4931,1024
-0.0457,-0.4844,1024
0.0131,-0.4718,1024
-0.0019,-0.4668,1024
0.0319,-0.4380,1024
-0.0031,-0.4568,1024
-0.0219,-0.4969,1024
0.0257,-0.4643,1024
0.0469,-0.4593,1024
0.0645,-0.4305,1024
0.0469,-0.4593,1024
0.0482,-0.4506,1024
0.0131,-0.4581,1024
0.0432,-0.4668,1024
-0.0957,-0.6195,1024
0.0620,-0.4443,1024
0.0795,-0.5494,1024
-0.0995,-0.5982,1024
0.0620,-0.4593,1024
0.0494,-0.5181,1024
0.0494,-0.4718,1024
0.0507,-0.4731,1024
0.0720,-0.4706,1024
0.0870,-0.4305,1024
0.0870,-0.4568,1024
0.0970,-0.4380,1024
0.0219,-0.4956,1024
0.1070,-0.4481,1024
0.0757,-0.4543,1024
0.2747,-0.2891,1024
0.0544,-0.4768,1024
0.0907,-0.4418,1024
0.1070,-0.4631,1024
0.0845,-0.4468,1024
0.0957,-0.4743,1024
0.0970,-0.4618,1024
0.1258,-0.4994,1024
0.1045,-0.4556,1024
0.0795,-0.4506,1024
0.1070,-0.4218,1024
0.1508,-0.4205,1024
0.0920,-0.4518,1024
-0.2547,-0.1840,1024
0.1170,-0.4380,1024
0.1295,-0.4205,1024
0.1133,-0.4368,1024
-0.1683,-0.7622,1024
0.1483,-0.4193,1024
-0.2234,-0.6446,1024
0.1733,-0.4005,1024
0.1120,-0.4218,1024
0.1446,-0.4268,1024
0.0945,-0.4543,1024
0.1884,-0.3817,1024
0.0369,-0.5532,1024
-0.2046,-0.7610,1024
0.1809,-0.3855,1024
0.1884,-0.3830,1024
0.1859,-0.3780,1024
0.1809,-0.3855,1024
0.1996,-0.3467,1024
0.1959,-0.3592,1024
0.1546,-0.3905,1024
0.1658,-0.4055,1024
0.1896,-0.3492,1024
0.1683,-0.3730,1024
0.2009,-0.3329,1024
-0.3148,-0.8373,1024
0.1646,-0.3642,1024
0.4875,-0.0801,1024
0.1758,-0.3529,1024
0.1583,-0.3805,1024
0.2384,-0.3004,1024
0.1521,-0.3817,1024
0.1308,-0.4043,1024
0.2459,-0.2916,1024
0.5000,-0.0588,1024
0.2034,-0.3179,1024
0.5000,-0.0538,1024
0.1558,-0.3605,1024
0.1821,-0.3392,1024
0.4612,-0.0914,1024
-0.3548,-0.8160,1024
0.5000,-0.0576,1024
0.2397,-0.2741,1024
0.2422,-0.2841,1024
0.2447,-0.2854,1024
0.2497,-0.2628,1024
0.2572,-0.2616,1024
0.1608,-0.3492,1024
0.2297,-0.2691,1024
0.1809,-0.3054,1024
0.1796,-0.3154,1024
0.1633,-0.3166,1024
0.1796,-0.3041,1024
0.2497,-0.2378,1024
0.4987,-0.0426,1024
-0.1946,-0.6058,1024
0.2109,-0.2653,1024
0.1946,-0.2766,1024
0.1896,-0.2741,1024
0.2046,-0.2666,1024
0.1946,-0.2753,1024
0.1896,-0.2728,1024
0.1809,-0.2791,1024
0.2096,-0.2478,1024
0.2159,-0.2378,1024
0.2109,-0.2416,1024
0.1809,-0.2641,1024
0.5000,-0.0363,1024
0.1683,-0.2666,1024
0.1921,-0.2516,1024
0.1783,-0.2441,1024
0.1796,-0.2466,1024
0.1796,-0.2466,1024
0.1884,-0.2403,1024
0.1984,-0.2328,1024
0.1708,-0.2416,1024
0.5000,-0.0200,1024
0.1758,-0.2265,1024
-0.2985,-0.5332,1024
0.1658,-0.2353,1024
0.1909,-0.2215,1024
0.1683,-0.2153,1024
0.1796,-0.2003,1024
0.1971,-0.1927,1024
0.1533,-0.2165,1024
0.1558,-0.2140,1024
0.2146,-0.1827,1024
0.1796,-0.1902,1024
-0.3986,-0.5382,1024
0.1571,-0.2003,1024
0.1608,-0.1940,1024
0.1583,-0.2015,1024
0.1921,-0.1827,1024
0.2021,-0.1602,1024
0.1558,-0.1890,1024
0.1746,-0.1727,1024
0.1646,-0.1727,1024
-0.3423,-0.4568,1024
0.1421,-0.1802,1024
0.1783,-0.1552,1024
0.1821,-0.1564,1024
0.1946,-0.1464,1024
0.1458,-0.1602,1024
0.1621,-0.1640,1024
0.1558,-0.1514,1024
0.1671,-0.1514,1024
0.1721,-0.1539,1024
0.1546,-0.1477,1024
0.1696,-0.1414,1024
0.1345,-0.1514,1024
0.1558,-0.1302,1024
0.1733,-0.1239,1024
0.1446,-0.1302,1024
0.1170,-0.1527,1024
0.1646,-0.1264,1024
0.1383,-0.1339,1024
0.1446,-0.1302,1024
0.1558,-0.1302,1024
0.1195,-0.1327,1024
0.1333,-0.1202,1024
0.1133,-0.1314,1024
0.1320,-0.1264,1024
0.0945,-0.1277,1024
0.0995,-0.1264,1024
0.0832,-0.1252,1024
0.1358,-0.1076,1024
0.0957,-0.1151,1024
0.0995,-0.1164,1024
0.1220,-0.1089,1024
0.0995,-0.1164,1024
0.0882,-0.1151,1024
0.1220,-0.1101,1024
0.1083,-0.1039,1024
0.0820,-0.1076,1024
0.0982,-0.1014,1024
0.0770,-0.1202,1024
0.0832,-0.1126,1024
0.0432,-0.1176,1024
0.0870,-0.1114,1024
0.0469,-0.1189,1024
0.0820,-0.0989,1024
0.0670,-0.0976,1024
0.0795,-0.0951,1024
0.0732,-0.1051,1024
0.0557,-0.1089,1024
0.0532,-0.1026,1024
0.0832,-0.1051,1024
0.0294,-0.0976,1024
0.0532,-0.0851,1024
0.0194,-0.1089,1024
0.0582,-0.0889,1024
-0.0081,-0.0976,1024
0.0156,-0.1076,1024
0.0319,-0.0926,1024
0.0344,-0.0964,1024
-0.0232,-0.1001,1024
0.0044,-0.0914,1024
-0.0094,-0.0951,1024
-0.0081,-0.1026,1024
-0.0019,-0.0964,1024
0.0319,-0.0926,1024
-0.0144,-0.0939,1024
-0.0282,-0.0964,1024
-0.0494,-0.1001,1024
0.0094,-0.1001,1024
-0.0244,-0.0951,1024
-0.0081,-0.0976,1024
-0.0307,-0.0926,1024
-0.0169,-0.0951,1024
-0.0131,-0.1151,1024
-0.0081,-0.1026,1024
-0.0044,-0.0989,1024
0.0119,-0.1014,1024
-0.0169,-0.0926,1024
-0.0119,-0.0939,1024
-0.0332,-0.0939,1024
-0.0131,-0.1051,1024
0.0119,-0.1014,1024
0.0156,-0.0901,1024
0.0044,-0.1101,1024
-0.0244,-0.0839,1024
0.0006,-0.1026,1024
0.0006,-0.1026,1024
0.0006,-0.1026,1024
-0.0081,-0.1076,1024
-0.0394,-0.1026,1024
0.0294,-0.1039,1024
0.0131,-0.0989,1024
-0.0169,-0.1064,1024
-0.0544,-0.1001,1024
0.0006,-0.1026,1024
0.0119,-0.1014,1024
-0.0119,-0.1014,1024
0.0069,-0.1114,1024
-0.0144,-0.1001,1024
-0.0507,-0.1064,1024
-0.0019,-0.0989,1024
0.0119,-0.1114,1024
0.0106,-0.0989,1024
0.0119,-0.1014,1024
-0.0044,-0.0989,1024
-0.0044,-0.0989,2048
-0.0081,-0.0976,2048
-0.0181,-0.0964,2048
-0.0181,-0.0964,2048
-0.0019,-0.0989,2048
-0.0181,-0.0964,2048
0.0094,-0.1001,2048
-0.0044,-0.0989,2048
-0.0181,-0.0964,2048
-0.0044,-0.0989,2048
0.0056,-0.0989,2048
0.0144,-0.1014,2048
-0.0019,-0.0989,2048
0.0094,-0.1001,2048
0.0069,-0.1001,2048
-0.0019,-0.0989,2048
-0.0181,-0.0964,2048
-0.0019,-0.0989,2048
-0.0019,-0.0989,2048
-0.0069,-0.1089,2048
0.0181,-0.1026,2048
0.0094,-0.1001,2048
-0.0044,-0.0989,2048
-0.0106,-0.0964,2048
-0.0181,-0.0964,2048
-0.0019,-0.0989,2048
-0.0019,-0.0989,2048
-0.0081,-0.1039,2048
-0.0081,-0.0976,2048
-0.0019,-0.0989,2048
-0.0119,-0.0964,2048
-0.0169,-0.1064,2048
0.0006,-0.1026,2048
-0.0081,-0.1076,2048
-0.0169,-0.1064,2048
-0.0181,-0.0964,2048
-0.0181,-0.1051,2048
-0.0181,-0.1164,2048
-0.0257,-0.1051,2048
-0.0682,-0.0976,2048
-0.0494,-0.1101,2048
-0.0657,-0.1064,2048
-0.0645,-0.1151,2048
-0.0407,-0.1202,2048
-0.0332,-0.1202,2048
-0.0745,-0.1202,2048
-0.0720,-0.1202,2048
-0.0582,-0.1352,2048
-0.0782,-0.1264,2048
-0.0707,-0.1277,2048
-0.0807,-0.1252,2048
-0.0895,-0.1302,2048
-0.0932,-0.1227,2048
-0.0720,-0.1352,2048
-0.1008,-0.1339,2048
-0.0782,-0.1389,2048
-0.1145,-0.1302,2048
-0.1033,-0.1264,2048
-0.1095,-0.1239,2048
-0.1008,-0.1277,2048
-0.1233,-0.1327,2048
-0.1158,-0.1352,2048
-0.1283,-0.1264,2048
-0.1421,-0.1277,2048
-0.1183,-0.1402,2048
-0.1133,-0.1364,2048
-0.1208,-0.1389,2048
-0.1133,-0.1364,2048
-0.1345,-0.1402,2048
-0.1633,-0.1364,2048
-0.1546,-0.1389,2048
-0.1358,-0.1552,2048
-0.1270,-0.1577,2048
-0.1433,-0.1577,2048
-0.1283,-0.1627,2048
-0.1408,-0.1627,2048
-0.1658,-0.1539,2048
-0.1608,-0.1602,2048
-0.1721,-0.1602,2048
-0.1583,-0.1652,2048
-0.1558,-0.1702,2048
-0.1421,-0.1752,2048
-0.1796,-0.1690,2048
-0.1671,-0.1777,2048
-0.1796,-0.1690,2048
-0.1796,-0.1765,2048
-0.1921,-0.1640,2048
-0.1796,-0.1765,2048
-0.1921,-0.1715,2048
-0.1633,-0.1915,2048
-0.1483,-0.2065,2048
-0.1320,-0.2140,2048
-0.1521,-0.2003,2048
-0.1746,-0.1977,2048
-0.1558,-0.2103,2048
-0.1370,-0.2190,2048
-0.1358,-0.2203,2048
-0.1433,-0.2240,2048
-0.1370,-0.2353,2048
-0.1633,-0.2178,2048
-0.1533,-0.2303,2048
-0.1621,-0.2290,2048
-0.1708,-0.2315,2048
-0.1771,-0.2315,2048
-0.1633,-0.2378,2048
-0.1671,-0.2403,2048
-0.1521,-0.2516,2048
-0.1558,-0.2616,2048
-0.1596,-0.2578,2048
-0.1533,-0.2691,2048
-0.1733,-0.2578,2048
-0.2572,-0.2028,2048
-0.2046,-0.2416,2048
-0.1871,-0.2578,2048
-0.1834,-0.2616,2048
-0.4199,-0.0914,2048
-0.1721,-0.2791,2048
-0.2622,-0.2103,2048
-0.2059,-0.2528,2048
-0.0695,-0.3792,2048
-0.2059,-0.2616,2048
-0.1796,-0.2954,2048
-0.2422,-0.2453,2048
-0.0144,-0.4243,2048
-0.2134,-0.2691,2048
-0.1821,-0.2904,2048
-0.1658,-0.3104,2048
-0.1846,-0.2991,2048
-0.1959,-0.3029,2048
-0.1884,-0.3129,2048
-0.1771,-0.3154,2048
-0.1658,-0.3191,2048
-0.1884,-0.3129,2048
-0.1871,-0.3141,2048
-0.1959,-0.3141,2048
-0.1796,-0.3229,2048
-0.1959,-0.3254,2048
-0.3298,-0.2040,2048
-0.3348,-0.1977,2048
-0.2935,-0.2403,2048
-0.1345,-0.3955,2048
-0.1133,-0.3967,2048
-0.3348,-0.2153,2048
-0.1546,-0.3855,2048
-0.3623,-0.1815,2048
-0.3348,-0.2153,2048
-0.0645,-0.4631,2048
-0.2046,-0.3254,2048
-0.2046,-0.3254,2048
-0.1884,-0.3329,2048
-0.1696,-0.3554,2048
-0.1796,-0.3504,2048
-0.0720,-0.4693,2048
-0.1208,-0.4268,2048
-0.1533,-0.4193,2048
-0.1233,-0.4406,2048
-0.0882,-0.4230,2048
-0.1145,-0.4368,2048
-0.1295,-0.4180,2048
-0.1783,-0.3717,2048
-0.1546,-0.3992,2048
-0.1220,-0.4243,2048
-0.0920,-0.4606,2048
-0.0932,-0.4593,2048
-0.0857,-0.4531,2048
-0.0982,-0.4393,2048
-0.0920,-0.4318,2048
-0.0957,-0.4280,2048
-0.0920,-0.4606,2048
-0.1045,-0.4456,2048
-0.0732,-0.4380,2048
-0.0982,-0.4393,2048
-0.0882,-0.4355,2048
0.3773,-0.8936,2048
-0.2434,-0.3041,2048
-0.1008,-0.4355,2048
-0.0895,-0.4506,2048
-0.0920,-0.4606,2048
-0.0895,-0.4493,2048
-0.0857,-0.4531,2048
-0.0745,-0.4518,2048
-0.0720,-0.4406,2048
-0.0607,-0.4418,2048
-0.0432,-0.4869,2048
-0.0594,-0.4856,2048
-0.0607,-0.4668,2048
-0.0294,-0.4618,2048
-0.0557,-0.4593,2048
-0.0770,-0.4969,2048
-0.0782,-0.4781,2048
-0.0257,-0.4656,2048
-0.0519,-0.4768,2048
-0.0494,-0.4668,2048
-0.0444,-0.4856,2048
-0.0282,-0.4643,2048
-0.0319,-0.4718,2048
-0.0494,-0.4819,2048
-0.0432,-0.4869,2048
-0.0432,-0.4869,2048
-0.0332,-0.4869,2048
-0.0244,-0.4668,2048
-0.0419,-0.4743,2048
-0.0407,-0.4631,2048
-0.0369,-0.4681,2048
-0.0257,-0.4793,2048
-0.0194,-0.4981,2048
-0.0031,-0.4894,2048
0.0069,-0.4881,2048
-0.0357,-0.4956,2048
-0.0219,-0.4731,2048
0.0131,-0.4718,2048
-0.1070,-0.5519,2048
0.0131,-0.4581,2048
0.0119,-0.4706,2048
0.0232,-0.4506,2048
0.0382,-0.4418,2048
0.0544,-0.4468,2048
0.0407,-0.4556,2048
0.0319,-0.4556,2048
0.0432,-0.4518,2048
0.0419,-0.4556,2048
0.0569,-0.4506,2048
0.0620,-0.4443,2048
0.0269,-0.4844,2048
0.0795,-0.4506,2048
0.0482,-0.4706,2048
0.0594,-0.4618,2048
0.0594,-0.4731,2048
0.0607,-0.4894,2048
0.0707,-0.4693,2048
0.0932,-0.4280,2048
0.0670,-0.4568,2048
0.0857,-0.4556,2048
0.0707,-0.4618,2048
0.0920,-0.4431,2048
0.0607,-0.4718,2048
0.0845,-0.4743,2048
0.0632,-0.4656,2048
0.1070,-0.4468,2048
0.0982,-0.4568,2048
-0.0569,-0.6458,2048
0.0982,-0.4568,2048
0.0932,-0.4631,2048
0.0932,-0.4631,2048
0.1070,-0.4468,2048
0.0995,-0.4406,2048
0.0995,-0.4406,2048
0.1421,-0.4155,2048
0.1195,-0.4318,2048
0.1421,-0.4218,2048
0.1195,-0.4318,2048
0.1295,-0.4205,2048
0.1208,-0.4368,2048
0.1621,-0.4105,2048
0.1621,-0.3955,2048
-0.4950,-1.0000,2048
0.1521,-0.4030,2048
0.1395,-0.4080,2048
0.1521,-0.4030,2048
0.2171,-0.3529,2048
0.1821,-0.3930,2048
0.3748,-0.2015,2048
-0.2259,-0.7810,2048
0.1746,-0.3955,2048
0.4737,-0.1064,2048
0.1934,-0.3705,2048
0.1834,-0.3805,2048
0.1896,-0.3492,2048
0.1796,-0.3717,2048
0.1909,-0.3680,2048
0.1646,-0.3905,2048
0.1821,-0.3630,2048
0.1921,-0.3504,2048
0.1683,-0.3730,2048
0.1658,-0.3655,2048
0.1796,-0.3554,2048
0.4362,-0.1302,2048
0.1896,-0.3492,2048
0.2046,-0.3342,2048
0.4625,-0.1014,2048
0.5000,-0.0626,2048
0.2021,-0.3329,2048
0.4987,-0.0576,2048
0.0920,-0.4255,2048
0.2134,-0.3066,2048
0.5000,-0.0538,2048
0.1946,-0.3292,2048
0.4637,-0.0914,2048
0.1971,-0.3304,2048
0.2534,-0.2741,2048
0.2309,-0.2891,2048
0.2322,-0.2804,2048
0.2347,-0.2816,2048
0.2447,-0.2703,2048
0.2209,-0.2891,2048
0.2559,-0.2653,2048
0.2422,-0.2653,2048
0.2384,-0.2641,2048
0.2021,-0.2954,2048
0.1946,-0.2916,2048
0.4962,-0.0501,2048
0.2046,-0.2816,2048
0.2584,-0.2378,2048
0.2497,-0.2390,2048
0.2021,-0.2791,2048
0.2084,-0.2641,2048
0.2059,-0.2716,2048
0.1896,-0.2804,2048
0.2209,-0.2503,2048
0.2159,-0.2566,2048
0.1959,-0.2666,2048
0.1971,-0.2591,2048
0.2109,-0.2453,2048
0.2171,-0.2441,2048
0.2096,-0.2466,2048
0.1921,-0.2566,2048
0.1921,-0.2566,2048
0.1996,-0.2441,2048
0.1996,-0.2441,2048
0.1946,-0.2441,2048
0.1834,-0.2478,2048
0.2046,-0.2340,2048
0.2109,-0.2278,2048
0.1821,-0.2378,2048
0.2021,-0.2240,2048
0.1871,-0.2265,2048
0.1758,-0.2265,2048
0.1984,-0.2140,2048
0.1934,-0.2165,2048
0.1921,-0.2115,2048
0.1746,-0.2128,2048
0.1746,-0.2090,2048
0.1859,-0.2015,2048
0.1683,-0.2065,2048
0.1796,-0.2028,2048
0.1871,-0.1940,2048
0.1758,-0.1927,2048
0.1646,-0.1965,2048
0.1633,-0.1965,2048
0.1521,-0.2028,2048
0.1884,-0.1815,2048
0.1996,-0.1715,2048
0.2021,-0.1602,2048
0.1633,-0.1802,2048
0.1746,-0.1727,2048
0.1546,-0.1827,2048
0.1671,-0.1740,2048
0.1533,-0.1727,2048
0.1758,-0.1552,2048
0.1758,-0.1552,2048
0.1758,-0.1552,2048
0.1721,-0.1539,2048
0.1558,-0.1627,2048
0.1658,-0.1514,2048
0.1733,-0.1427,2048
0.1733,-0.1427,2048
0.1671,-0.1414,2048
0.1583,-0.1452,2048
0.1446,-0.1489,2048
0.1696,-0.1277,2048
0.1333,-0.1439,2048
0.1295,-0.1464,2048
0.1295,-0.1464,2048
0.1421,-0.1364,2048
0.1320,-0.1339,2048
0.1058,-0.1414,2048
0.1458,-0.1239,2048
0.1158,-0.1314,2048
0.1170,-0.1289,2048
0.1358,-0.1277,2048
0.1220,-0.1202,2048
0.1183,-0.1189,2048
0.0945,-0.1277,2048
0.0995,-0.1164,2048
0.1145,-0.1176,2048
0.0932,-0.1151,2048
0.0820,-0.1239,2048
0.1108,-0.1101,2048
0.0932,-0.1151,2048
0.0932,-0.1126,2048
0.0970,-0.1139,2048
0.0995,-0.1014,2048
0.1108,-0.1039,2048
0.0895,-0.1139,2048
0.0770,-0.1126,2048
0.0732,-0.1114,2048
0.0657,-0.1089,2048
0.0857,-0.1001,2048
0.0857,-0.1001,2048
0.0820,-0.0989,2048
0.0432,-0.1176,2048
0.0607,-0.1014,2048
0.0432,-0.1064,2048
0.0507,-0.1076,2048
0.0507,-0.1076,2048
0.0419,-0.0989,2048
0.0670,-0.0976,2048
0.0294,-0.0976,2048
0.0232,-0.1014,2048
0.0319,-0.0926,2048
0.0319,-0.0926,2048
0.0407,-0.1051,2048
0.0269,-0.1039,2048
0.0094,-0.1001,2048
-0.0044,-0.0989,2048
-0.0081,-0.0976,2048
0.0069,-0.1001,2048
-0.0044,-0.0989,2048
-0.0044,-0.0989,2048
0.0056,-0.0989,2048
-0.0006,-0.0976,2048
-0.0232,-0.1001,2048
-0.0044,-0.0989,2048
-0.0019,-0.0989,2048
-0.0019,-0.0989,2048
-0.0194,-0.1014,2048
-0.0081,-0.0976,2048
-0.0394,-0.1026,2048
-0.0194,-0.1014,2048
-0.0081,-0.0976,2048
-0.0181,-0.0964,2048
-0.0019,-0.0989,2048
-0.0119,-0.0964,2048
-0.0181,-0.0964,2048
-0.0131,-0.1051,2048
0.0094,-0.1001,2048
0.0094,-0.0976,2048
-0.0181,-0.0964,2048
-0.0244,-0.0951,2048
-0.0081,-0.0976,2048
-0.0019,-0.0989,2048
-0.0131,-0.1051,2048
0.0081,-0.1051,2048
-0.0081,-0.1026,2048
-0.0169,-0.1064,2048
0.0094,-0.1001,2048
-0.0044,-0.0989,2048
-0.0131,-0.1076,2048
-0.0069,-0.1001,2048
0.0119,-0.1014,2048
-0.0081,-0.1026,2048
-0.0181,-0.1051,2048
0.0144,-0.1014,2048
-0.0056,-0.1051,2048
-0.0131,-0.1051,2048
0.0144,-0.1014,2048
0.0081,-0.1051,2048
0.0006,-0.1026,2048
-0.0019,-0.0989,2048
-0.0131,-0.1051,2048
-0.0019,-0.0989,4096
-0.0019,-0.0989,4096
-0.0194,-0.1014,4096
-0.0019,-0.0989,4096
-0.0044,-0.0989,4096
-0.0019,-0.0964,4096
-0.0019,-0.0989,4096
0.0119,-0.1014,4096
-0.0019,-0.0989,4096
-0.0019,-0.0989,4096
-0.0019,-0.0989,4096
0.0094,-0.1001,4096
-0.0019,-0.0989,4096
-0.0019,-0.0989,4096
-0.0019,-0.0989,4096
-0.0019,-0.0989,4096
-0.0019,-0.0989,4096
-0.0019,-0.0989,4096
-0.0019,-0.0989,4096
-0.0081,-0.1026,4096
-0.0019,-0.0989,4096
-0.0019,-0.0989,4096
-0.0019,-0.0989,4096
-0.0044,-0.0989,4096
-0.0019,-0.0989,4096
-0.0019,-0.0989,4096
-0.0019,-0.0989,4096
-0.0044,-0.0989,4096
-0.0019,-0.0989,4096
-0.0044,-0.0989,4096
-0.0019,-0.0989,4096
-0.0044,-0.0989,4096
-0.0044,-0.0989,4096
-0.0194,-0.1014,4096
-0.0294,-0.1039,4096
-0.0194,-0.1014,4096
-0.0257,-0.1051,4096
-0.0407,-0.1114,4096
-0.0257,-0.1051,4096
-0.0394,-0.1026,4096
-0.0357,-0.1126,4096
-0.0469,-0.1139,4096
-0.0544,-0.1164,4096
-0.0645,-0.1151,4096
-0.0645,-0.1151,4096
-0.0720,-0.1202,4096
-0.0720,-0.1202,4096
-0.0594,-0.1239,4096
-0.0720,-0.1202,4096
-0.0782,-0.1264,4096
-0.0932,-0.1289,4096
-0.0895,-0.1302,4096
-0.0895,-0.1302,4096
-0.1008,-0.1277,4096
-0.1033,-0.1264,4096
-0.1008,-0.1339,4096
-0.1008,-0.1277,4096
-0.1145,-0.1302,4096
-0.1145,-0.1302,4096
-0.1145,-0.1302,4096
-0.1145,-0.1302,4096
-0.1158,-0.1352,4096
-0.1320,-0.1302,4096
-0.1158,-0.1352,4096
-0.1158,-0.1352,4096
-0.1183,-0.1402,4096
-0.1308,-0.1364,4096
-0.1308,-0.1364,4096
-0.1370,-0.1452,4096
-0.1433,-0.1477,4096
-0.1370,-0.1452,4096
-0.1320,-0.1514,4096
-0.1358,-0.1552,4096
-0.1283,-0.1627,4096
-0.1571,-0.1527,4096
-0.1658,-0.1539,4096
-0.1608,-0.1602,4096
-0.1608,-0.1602,4096
-0.1608,-0.1602,4096
-0.1446,-0.1702,4096
-0.1558,-0.1702,4096
-0.1421,-0.1752,4096
-0.1671,-0.1702,4096
-0.1646,-0.1752,4096
-0.1796,-0.1690,4096
-0.1796,-0.1727,4096
-0.1921,-0.1677,4096
-0.1921,-0.1715,4096
-0.1633,-0.1915,4096
-0.1633,-0.1915,4096
-0.1521,-0.2003,4096
-0.1521,-0.2003,4096
-0.1521,-0.2003,4096
-0.1696,-0.1965,4096
-0.1746,-0.1977,4096
-0.1558,-0.2103,4096
-0.1733,-0.2053,4096
-0.1608,-0.2140,4096
-0.1633,-0.2178,4096
-0.1708,-0.2165,4096
-0.1683,-0.2190,4096
-0.1771,-0.2203,4096
-0.1671,-0.2303,4096
-0.1646,-0.2315,4096
-0.1771,-0.2315,4096
-0.1721,-0.2416,4096
-0.1721,-0.2416,4096
-0.1558,-0.2616,4096
-0.1859,-0.2403,4096
-0.1433,-0.2728,4096
-0.1884,-0.2441,4096
-0.2046,-0.2416,4096
-0.1921,-0.2528,4096
-0.1921,-0.2528,4096
-0.1834,-0.2616,4096
-0.1959,-0.2566,4096
-0.1959,-0.2566,4096
-0.2059,-0.2528,4096
-0.2121,-0.2553,4096
-0.1984,-0.2678,4096
-0.2059,-0.2678,4096
-0.2046,-0.2691,4096
-0.2372,-0.2428,4096
-0.2121,-0.2691,4096
-0.1821,-0.2904,4096
-0.1896,-0.2929,4096
-0.2059,-0.2841,4096
-0.1846,-0.2991,4096
-0.2071,-0.2916,4096
-0.1946,-0.3054,4096
-0.1884,-0.3129,4096
-0.1871,-0.3141,4096
-0.1771,-0.3254,4096
-0.1871,-0.3229,4096
-0.1971,-0.3129,4096
-0.1984,-0.3217,4096
-0.1433,-0.3617,4096
-0.1183,-0.3892,4096
-0.1433,-0.3730,4096
-0.2935,-0.2403,4096
-0.1345,-0.3955,4096
-0.1358,-0.3817,4096
-0.1333,-0.3855,4096
-0.1508,-0.3780,4096
-0.3461,-0.2053,4096
-0.1546,-0.3855,4096
-0.0920,-0.4318,4096
-0.1959,-0.3492,4096
-0.1733,-0.3517,4096
-0.1771,-0.3592,4096
-0.1934,-0.3517,4096
-0.0982,-0.4393,4096
-0.0982,-0.4393,4096
-0.1320,-0.4130,4096
-0.1170,-0.4305,4096
-0.0982,-0.4393,4096
-0.1546,-0.3855,4096
-0.1408,-0.4018,4096
-0.1295,-0.4180,4096
-0.1521,-0.4055,4096
-0.1834,-0.3805,4096
-0.1170,-0.4305,4096
-0.1170,-0.4305,4096
-0.0982,-0.4393,4096
-0.0982,-0.4393,4096
-0.0982,-0.4393,4096
-0.0982,-0.4393,4096
-0.1145,-0.4193,4096
-0.1120,-0.4531,4096
-0.1095,-0.4568,4096
-0.0982,-0.4393,4096
-0.0982,-0.4393,4096
-0.1083,-0.4418,4096
-0.1083,-0.4418,4096
-0.0895,-0.4506,4096
-0.0920,-0.4318,4096
-0.0895,-0.4506,4096
-0.0832,-0.4556,4096
-0.0782,-0.4481,4096
-0.0720,-0.4406,4096
-0.0745,-0.4518,4096
-0.0920,-0.4606,4096
-0.0670,-0.4606,4096
-0.0670,-0.4756,4096
-0.0670,-0.4756,4096
-0.0770,-0.4969,4096
-0.0494,-0.4806,4096
-0.0494,-0.4944,4096
-0.0632,-0.4956,4096
-0.0670,-0.4756,4096
-0.0444,-0.4731,4096
-0.0444,-0.4856,4096
-0.0607,-0.4819,4096
-0.0419,-0.4743,4096
-0.0419,-0.4743,4096
-0.0332,-0.4869,4096
-0.0419,-0.4743,4096
-0.0444,-0.4856,4096
-0.0319,-0.4731,4096
-0.0419,-0.4743,4096
-0.0319,-0.4731,4096
-0.0419,-0.4743,4096
-0.0382,-0.4781,4096
-0.0257,-0.4793,4096
-0.0106,-0.4681,4096
-0.0207,-0.4844,4096
-0.0031,-0.4793,4096
-0.0031,-0.4894,4096
-0.0207,-0.4844,4096
-0.0106,-0.4819,4096
0.0056,-0.4856,4096
-0.0019,-0.4668,4096
0.0056,-0.4631,4096
0.0369,-0.4606,4096
0.0307,-0.4543,4096
0.0194,-0.4543,4096
0.0332,-0.4568,4096
0.0257,-0.4606,4096
0.0319,-0.4556,4096
0.0419,-0.4556,4096
0.0369,-0.4606,4096
0.0594,-0.4618,4096
0.0569,-0.4506,4096
0.0319,-0.4768,4096
0.0532,-0.4668,4096
0.0607,-0.4731,4096
0.0594,-0.4731,4096
0.0620,-0.4743,4096
0.0494,-0.4856,4096
0.0732,-0.4731,4096
0.0607,-0.4718,4096
0.0607,-0.4718,4096
0.0782,-0.4681,4096
0.0745,-0.4643,4096
0.0745,-0.4581,4096
0.0707,-0.4618,4096
0.0795,-0.4506,4096
0.0657,-0.4668,4096
0.0920,-0.4518,4096
0.0932,-0.4631,4096
0.0945,-0.4543,4096
0.0982,-0.4568,4096
0.0932,-0.4631,4096
0.1095,-0.4593,4096
0.0982,-0.4568,4096
0.1070,-0.4468,4096
0.1195,-0.4318,4096
0.1195,-0.4318,4096
0.1233,-0.4343,4096
0.1345,-0.4280,4096
0.1345,-0.4280,4096
0.1483,-0.4130,4096
0.1458,-0.4155,4096
0.1421,-0.4218,4096
0.1458,-0.4055,4096
0.1646,-0.3905,4096
0.1521,-0.4030,4096
0.1433,-0.4043,4096
0.1546,-0.4043,4096
0.3886,-0.1827,4096
0.1621,-0.3955,4096
0.1546,-0.4043,4096
0.1646,-0.3905,4096
0.1809,-0.3855,4096
0.1896,-0.3755,4096
0.1934,-0.3705,4096
0.1796,-0.3780,4096
0.1796,-0.3742,4096
0.1959,-0.3655,4096
0.1558,-0.3917,4096
0.1796,-0.3867,4096
0.1884,-0.3605,4096
0.1884,-0.3605,4096
0.1809,-0.3592,4096
0.1809,-0.3592,4096
0.1683,-0.3667,4096
0.1921,-0.3567,4096
0.1921,-0.3504,4096
0.1758,-0.3655,4096
0.2021,-0.3329,4096
0.1646,-0.3642,4096
0.2021,-0.3329,4096
0.2222,-0.3104,4096
0.1421,-0.3792,4096
0.2034,-0.3179,4096
0.1921,-0.3217,4096
0.2159,-0.3079,4096
0.2209,-0.3004,4096
0.2134,-0.3066,4096
0.2209,-0.2941,4096
0.2209,-0.2941,4096
0.2347,-0.2816,4096
0.2347,-0.2816,4096
0.2409,-0.2741,4096
0.2359,-0.2716,4096
0.2447,-0.2603,4096
0.2071,-0.2879,4096
0.2297,-0.2691,4096
0.2096,-0.2841,4096
0.2159,-0.2766,4096
0.2234,-0.2766,4096
0.2184,-0.2678,4096
0.2134,-0.2703,4096
0.2134,-0.2703,4096
0.1946,-0.2766,4096
0.2021,-0.2703,4096
0.2109,-0.2653,4096
0.2109,-0.2653,4096
0.2134,-0.2566,4096
0.2159,-0.2478,4096
0.1971,-0.2591,4096
0.2034,-0.2528,4096
0.2096,-0.2466,4096
0.1971,-0.2591,4096
0.2034,-0.2528,4096
0.2071,-0.2453,4096
0.2059,-0.2453,4096
0.2009,-0.2428,4096
0.2046,-0.2340,4096
0.1946,-0.2441,4096
0.1921,-0.2390,4096
0.1984,-0.2328,4096
0.1984,-0.2328,4096
0.1796,-0.2365,4096
0.1846,-0.2303,4096
0.1871,-0.2265,4096
0.2009,-0.2153,4096
0.1984,-0.2140,4096
0.1934,-0.2128,4096
0.1909,-0.2115,4096
0.1746,-0.2090,4096
0.1896,-0.2028,4096
0.1746,-0.2090,4096
0.1821,-0.2040,4096
0.1821,-0.1952,4096
0.1783,-0.1977,4096
0.1746,-0.1965,4096
0.1796,-0.1902,4096
0.1796,-0.1902,4096
0.1758,-0.1927,4096
0.1746,-0.1890,4096
0.1834,-0.1802,4096
0.1771,-0.1777,4096
0.1733,-0.1802,4096
0.1633,-0.1802,4096
0.1633,-0.1802,4096
0.1708,-0.1715,4096
0.1558,-0.1740,4096
0.1671,-0.1640,4096
0.1821,-0.1564,4096
0.1758,-0.1552,4096
0.1721,-0.1539,4096
0.1683,-0.1527,4096
0.1658,-0.1527,4096
0.1733,-0.1427,4096
0.1558,-0.1514,4096
0.1683,-0.1414,4096
0.1533,-0.1477,4096
0.1433,-0.1477,4096
0.1558,-0.1377,4096
0.1295,-0.1464,4096
0.1333,-0.1439,4096
0.1421,-0.1364,4096
0.1370,-0.1352,4096
0.1270,-0.1327,4096
0.1195,-0.1327,4096
0.1345,-0.1314,4096
0.1208,-0.1302,4096
0.1358,-0.1214,4096
0.1283,-0.1252,4096
0.1333,-0.1202,4096
0.1220,-0.1202,4096
0.1220,-0.1202,4096
0.1145,-0.1176,4096
0.1145,-0.1176,4096
0.0995,-0.1164,4096
0.0995,-0.1164,4096
0.1120,-0.1151,4096
0.0995,-0.1164,4096
0.1058,-0.1089,4096
0.0995,-0.1139,4096
0.1020,-0.1076,4096
0.1070,-0.1026,4096
0.0920,-0.1076,4096
0.0832,-0.1126,4096
0.0782,-0.1101,4096
0.0870,-0.1064,4096
0.0857,-0.1001,4096
0.0732,-0.1051,4096
0.0645,-0.1089,4096
0.0645,-0.1089,4096
0.0544,-0.1064,4096
0.0457,-0.1064,4096
0.0469,-0.1001,4096
0.0432,-0.1051,4096
0.0469,-0.1001,4096
0.0469,-0.1001,4096
0.0319,-0.0926,4096
0.0494,-0.0951,4096
0.0419,-0.0989,4096
0.0294,-0.0976,4096
0.0181,-0.1026,4096
0.0069,-0.1001,4096
-0.0019,-0.0989,4096
-0.0019,-0.0989,4096
-0.0019,-0.0989,4096
-0.0019,-0.0989,4096
-0.0019,-0.0989,4096
-0.0019,-0.0989,4096
0.0056,-0.0989,4096
-0.0019,-0.0989,4096
-0.0044,-0.0989,4096
-0.0044,-0.0989,4096
-0.0044,-0.0989,4096
-0.0044,-0.0989,4096
-0.0019,-0.0989,4096
-0.0044,-0.0989,4096
-0.0044,-0.0989,4096
-0.0044,-0.0989,4096
-0.0044,-0.0989,4096
-0.0019,-0.0989,4096
0.0056,-0.0989,4096
-0.0019,-0.0989,4096
-0.0081,-0.0976,4096
-0.0181,-0.0964,4096
-0.0044,-0.0989,4096
-0.0044,-0.0989,4096
-0.0081,-0.0976,4096
-0.0081,-0.0976,4096
-0.0081,-0.0976,4096
0.0056,-0.0989,4096
-0.0019,-0.0989,4096
-0.0019,-0.0989,4096
-0.0019,-0.0989,4096
0.0006,-0.1026,4096
-0.0019,-0.0989,4096
-0.0019,-0.0989,4096
-0.0094,-0.1064,4096
-0.0019,-0.0989,4096
-0.0019,-0.0989,4096
-0.0019,-0.0989,4096
-0.0019,-0.0989,4096
-0.0019,-0.0989,4096
0.0044,-0.1039,4096
-0.0081,-0.1026,4096
-0.0019,-0.0989,4096
-0.0019,-0.0989,4096
-0.0019,-0.0989,4096
-0.0019,-0.0989,4096
-0.0019,-0.0989,4096
-0.0019,-0.0989,6000
-0.0019,-0.0989,6000
-0.0044,-0.0989,6000
-0.0019,-0.0989,6000
-0.0019,-0.0989,6000
-0.0019,-0.0989,6000
-0.0019,-0.0989,6000
-0.0019,-0.0989,6000
-0.0019,-0.0989,6000
0.0119,-0.1014,6000
-0.0019,-0.0989,6000
-0.0019,-0.0989,6000
-0.0019,-0.0989,6000
-0.0019,-0.0989,6000
-0.0019,-0.0989,6000
-0.0019,-0.0989,6000
-0.0019,-0.0989,6000
-0.0019,-0.0989,6000
-0.0019,-0.0989,6000
-0.0019,-0.0989,6000
-0.0019,-0.0989,6000
0.0069,-0.1001,6000
-0.0019,-0.0989,6000
-0.0019,-0.0989,6000
-0.0019,-0.0989,6000
-0.0019,-0.0989,6000
-0.0019,-0.0989,6000
-0.0019,-0.0989,6000
-0.0081,-0.0976,6000
-0.0019,-0.0989,6000
-0.0044,-0.0989,6000
-0.0194,-0.1014,6000
-0.0181,-0.0964,6000
-0.0194,-0.1014,6000
-0.0169,-0.1064,6000
-0.0257,-0.1051,6000
-0.0257,-0.1051,6000
-0.0257,-0.1051,6000
-0.0407,-0.1114,6000
-0.0494,-0.1101,6000
-0.0382,-0.1114,6000
-0.0494,-0.1101,6000
-0.0645,-0.1151,6000
-0.0645,-0.1151,6000
-0.0645,-0.1151,6000
-0.0645,-0.1151,6000
-0.0720,-0.1202,6000
-0.0720,-0.1202,6000
-0.0782,-0.1264,6000
-0.0782,-0.1264,6000
-0.0807,-0.1252,6000
-0.0895,-0.1302,6000
-0.1008,-0.1277,6000
-0.0895,-0.1302,6000
-0.1008,-0.1277,6000
-0.1008,-0.1277,6000
-0.1008,-0.1339,6000
-0.1008,-0.1277,6000
-0.1145,-0.1302,6000
-0.1145,-0.1302,6000
-0.1145,-0.1302,6000
-0.1008,-0.1339,6000
-0.1133,-0.1364,6000
-0.1320,-0.1302,6000
-0.1158,-0.1352,6000
-0.1183,-0.1402,6000
-0.1333,-0.1414,6000
-0.1308,-0.1364,6000
-0.1370,-0.1452,6000
-0.1370,-0.1452,6000
-0.1370,-0.1452,6000
-0.1383,-0.1539,6000
-0.1358,-0.1552,6000
-0.1433,-0.1577,6000
-0.1433,-0.1577,6000
-0.1658,-0.1539,6000
-0.1471,-0.1652,6000
-0.1471,-0.1652,6000
-0.1583,-0.1652,6000
-0.1558,-0.1702,6000
-0.1558,-0.1702,6000
-0.1558,-0.1702,6000
-0.1671,-0.1702,6000
-0.1646,-0.1752,6000
-0.1646,-0.1752,6000
-0.1796,-0.1727,6000
-0.1921,-0.1715,6000
-0.1633,-0.1827,6000
-0.1633,-0.1915,6000
-0.1633,-0.1915,6000
-0.1633,-0.1915,6000
-0.1521,-0.2003,6000
-0.1696,-0.1965,6000
-0.1696,-0.1965,6000
-0.1746,-0.1977,6000
-0.1558,-0.2103,6000
-0.1558,-0.2103,6000
-0.1558,-0.2140,6000
-0.1633,-0.2178,6000
-0.1809,-0.2090,6000
-0.1683,-0.2190,6000
-0.1771,-0.2203,6000
-0.1658,-0.2303,6000
-0.1658,-0.2303,6000
-0.1771,-0.2315,6000
-0.1721,-0.2416,6000
-0.1721,-0.2416,6000
-0.1571,-0.2591,6000
-0.1733,-0.2478,6000
-0.1658,-0.2578,6000
-0.1746,-0.2566,6000
-0.2071,-0.2328,6000
-0.1921,-0.2528,6000
-0.1921,-0.2528,6000
-0.1921,-0.2528,6000
-0.2046,-0.2541,6000
-0.1821,-0.2691,6000
-0.2046,-0.2541,6000
-0.2121,-0.2553,6000
-0.1996,-0.2666,6000
-0.2059,-0.2678,6000
-0.2134,-0.2603,6000
-0.1946,-0.2791,6000
-0.1946,-0.2791,6000
-0.1996,-0.2816,6000
-0.1996,-0.2816,6000
-0.2059,-0.2841,6000
-0.1896,-0.2929,6000
-0.1959,-0.2941,6000
-0.1946,-0.3054,6000
-0.1771,-0.3154,6000
-0.1946,-0.3054,6000
-0.1871,-0.3141,6000
-0.1871,-0.3229,6000
-0.1871,-0.3229,6000
-0.1884,-0.3329,6000
-0.1546,-0.3492,6000
-0.1433,-0.3730,6000
-0.1433,-0.3730,6000
-0.1333,-0.3855,6000
-0.1195,-0.3992,6000
-0.1370,-0.3817,6000
-0.1158,-0.4030,6000
-0.1421,-0.4005,6000
-0.3536,-0.1940,6000
-0.1571,-0.3692,6000
-0.1771,-0.3592,6000
-0.1771,-0.3592,6000
-0.0920,-0.4318,6000
-0.1771,-0.3592,6000
-0.1208,-0.4118,6000
-0.1546,-0.3855,6000
-0.1546,-0.3855,6000
-0.1758,-0.3742,6000
-0.1170,-0.4305,6000
-0.1170,-0.4305,6000
-0.1170,-0.4305,6000
-0.1258,-0.4218,6000
-0.1433,-0.3980,6000
-0.1370,-0.4230,6000
-0.1370,-0.4230,6000
-0.1170,-0.4305,6000
-0.1145,-0.4368,6000
-0.1095,-0.4393,6000
-0.0895,-0.4493,6000
-0.0982,-0.4393,6000
-0.1083,-0.4418,6000
-0.0982,-0.4393,6000
-0.1083,-0.4418,6000
-0.1045,-0.4456,6000
-0.0982,-0.4393,6000
-0.0982,-0.4393,6000
-0.1045,-0.4456,6000
-0.0982,-0.4393,6000
-0.0982,-0.4393,6000
-0.0920,-0.4318,6000
-0.0857,-0.4531,6000
-0.0832,-0.4556,6000
-0.0832,-0.4556,6000
-0.0832,-0.4556,6000
-0.0832,-0.4556,6000
-0.0920,-0.4606,6000
-0.0757,-0.4656,6000
-0.0782,-0.4781,6000
-0.0670,-0.4756,6000
-0.0569,-0.4869,6000
-0.0444,-0.4856,6000
-0.0444,-0.4856,6000
-0.0444,-0.4856,6000
-0.0670,-0.4756,6000
-0.0494,-0.4806,6000
-0.0607,-0.4668,6000
-0.0469,-0.4693,6000
-0.0394,-0.4756,6000
-0.0419,-0.4743,6000
-0.0257,-0.4793,6000
-0.0394,-0.4756,6000
-0.0382,-0.4781,6000
-0.0244,-0.4668,6000
-0.0382,-0.4781,6000
-0.0219,-0.4681,6000
-0.0382,-0.4781,6000
-0.0394,-0.4756,6000
-0.0257,-0.4793,6000
-0.0144,-0.4793,6000
-0.0207,-0.4844,6000
-0.0031,-0.4793,6000
-0.0044,-0.4881,6000
-0.0056,-0.4869,6000
-0.0031,-0.4793,6000
0.0006,-0.4806,6000
0.0044,-0.4731,6000
0.0131,-0.4581,6000
0.0094,-0.4668,6000
0.0194,-0.4543,6000
0.0207,-0.4668,6000
0.0269,-0.4618,6000
0.0307,-0.4543,6000
0.0369,-0.4606,6000
0.0419,-0.4556,6000
0.0419,-0.4556,6000
0.0582,-0.4506,6000
0.0632,-0.4556,6000
0.0482,-0.4706,6000
0.0594,-0.4618,6000
0.0594,-0.4731,6000
0.0594,-0.4731,6000
0.0594,-0.4731,6000
0.0594,-0.4731,6000
0.0682,-0.4793,6000
0.0782,-0.4681,6000
0.0607,-0.4718,6000
0.0707,-0.4618,6000
0.0757,-0.4581,6000
0.0795,-0.4518,6000
0.0870,-0.4568,6000
0.0757,-0.4581,6000
0.0670,-0.4568,6000
0.0795,-0.4506,6000
0.0932,-0.4631,6000
0.0982,-0.4568,6000
0.1008,-0.4593,6000
0.1008,-0.4593,6000
0.1095,-0.4593,6000
0.1070,-0.4468,6000
0.1070,-0.4468,6000
0.1045,-0.4368,6000
0.1195,-0.4318,6000
0.1195,-0.4318,6000
0.1308,-0.4255,6000
0.1308,-0.4255,6000
0.1483,-0.4130,6000
0.1395,-0.4080,6000
0.1546,-0.4043,6000
0.1546,-0.4043,6000
0.1496,-0.4005,6000
0.1521,-0.4030,6000
0.1621,-0.3955,6000
0.1546,-0.4043,6000
0.1546,-0.4043,6000
0.1646,-0.3905,6000
0.1696,-0.3992,6000
0.1621,-0.3955,6000
0.1859,-0.3817,6000
0.1646,-0.3905,6000
0.1959,-0.3655,6000
0.1646,-0.3905,6000
0.1696,-0.3805,6000
0.1834,-0.3717,6000
0.1646,-0.3905,6000
0.1696,-0.3805,6000
0.1821,-0.3692,6000
0.1884,-0.3605,6000
0.1921,-0.3567,6000
0.1683,-0.3667,6000
0.1921,-0.3567,6000
0.2084,-0.3429,6000
0.1809,-0.3567,6000
0.1809,-0.3567,6000
0.2046,-0.3342,6000
0.1896,-0.3492,6000
0.2121,-0.3217,6000
0.2222,-0.3104,6000
0.2121,-0.3217,6000
0.2034,-0.3179,6000
0.2034,-0.3179,6000
0.2034,-0.3179,6000
0.2196,-0.2991,6000
0.2134,-0.3066,6000
0.2209,-0.2941,6000
0.2184,-0.2929,6000
0.2247,-0.2866,6000
0.2247,-0.2866,6000
0.2309,-0.2791,6000
0.2309,-0.2703,6000
0.2384,-0.2678,6000
0.2171,-0.2829,6000
0.2297,-0.2691,6000
0.2184,-0.2741,6000
0.2059,-0.2866,6000
0.2184,-0.2741,6000
0.2084,-0.2791,6000
0.2109,-0.2741,6000
0.2184,-0.2678,6000
0.2121,-0.2716,6000
0.1946,-0.2766,6000
0.2084,-0.2641,6000
0.2084,-0.2641,6000
0.2034,-0.2616,6000
0.2034,-0.2616,6000
0.2084,-0.2553,6000
0.2084,-0.2541,6000
0.2034,-0.2528,6000
0.2096,-0.2466,6000
0.2096,-0.2466,6000
0.2009,-0.2516,6000
0.2009,-0.2428,6000
0.2009,-0.2428,6000
0.2096,-0.2378,6000
0.1984,-0.2416,6000
0.1884,-0.2403,6000
0.1984,-0.2328,6000
0.1884,-0.2315,6000
0.1884,-0.2315,6000
0.2021,-0.2240,6000
0.1946,-0.2215,6000
0.1909,-0.2203,6000
0.1934,-0.2128,6000
0.1934,-0.2128,6000
0.1921,-0.2115,6000
0.1971,-0.2053,6000
0.1896,-0.2028,6000
0.1746,-0.2090,6000
0.1971,-0.1927,6000
0.1821,-0.1952,6000
0.1934,-0.1915,6000
0.1783,-0.1977,6000
0.1746,-0.1965,6000
0.1633,-0.2003,6000
0.1746,-0.1890,6000
0.1746,-0.1890,6000
0.1834,-0.1802,6000
0.1796,-0.1790,6000
0.1658,-0.1852,6000
0.1721,-0.1765,6000
0.1696,-0.1752,6000
0.1633,-0.1727,6000
0.1633,-0.1690,6000
0.1633,-0.1690,6000
0.1708,-0.1602,6000
0.1758,-0.1552,6000
0.1721,-0.1539,6000
0.1658,-0.1527,6000
0.1658,-0.1514,6000
0.1658,-0.1514,6000
0.1583,-0.1502,6000
0.1671,-0.1414,6000
0.1471,-0.1489,6000
0.1433,-0.1477,6000
0.1370,-0.1464,6000
0.1421,-0.1364,6000
0.1421,-0.1364,6000
0.1421,-0.1364,6000
0.1383,-0.1352,6000
0.1320,-0.1339,6000
0.1295,-0.1327,6000
0.1458,-0.1239,6000
0.1320,-0.1264,6000
0.1383,-0.1227,6000
0.1133,-0.1314,6000
0.1295,-0.1202,6000
0.1220,-0.1202,6000
0.1183,-0.1189,6000
0.1145,-0.1176,6000
0.1145,-0.1176,6000
0.1120,-0.1176,6000
0.0995,-0.1164,6000
0.0995,-0.1164,6000
0.0957,-0.1151,6000
0.1108,-0.1101,6000
0.0895,-0.1139,6000
0.1083,-0.1039,6000
0.1070,-0.1026,6000
0.0920,-0.1076,6000
0.0920,-0.1076,6000
0.0732,-0.1114,6000
0.0870,-0.1064,6000
0.0857,-0.1001,6000
0.0732,-0.1051,6000
0.0732,-0.1051,6000
0.0507,-0.1076,6000
0.0682,-0.0976,6000
0.0469,-0.1001,6000
0.0670,-0.0976,6000
0.0457,-0.1064,6000
0.0469,-0.1001,6000
0.0419,-0.0989,6000
0.0494,-0.0951,6000
0.0319,-0.0926,6000
0.0294,-0.0976,6000
0.0319,-0.0926,6000
0.0207,-0.0951,6000
0.0144,-0.0989,6000
-0.0019,-0.0989,6000
0.0094,-0.1001,6000
-0.0019,-0.0989,6000
-0.0044,-0.0989,6000
-0.0019,-0.0989,6000
-0.0081,-0.0976,6000
-0.0019,-0.0989,6000
-0.0044,-0.0989,6000
-0.0044,-0.0989,6000
-0.0081,-0.0976,6000
-0.0044,-0.0989,6000
-0.0181,-0.0964,6000
-0.0019,-0.0989,6000
-0.0044,-0.0989,6000
-0.0044,-0.0989,6000
-0.0044,-0.0989,6000
-0.0019,-0.0989,6000
-0.0044,-0.0989,6000
-0.0019,-0.0989,6000
-0.0081,-0.1026,6000
-0.0044,-0.0989,6000
-0.0044,-0.0989,6000
-0.0044,-0.0989,6000
-0.0081,-0.0976,6000
-0.0044,-0.0989,6000
-0.0081,-0.0976,6000
-0.0044,-0.0989,6000
-0.0019,-0.0989,6000
-0.0019,-0.0989,6000
-0.0019,-0.0989,6000
-0.0019,-0.0989,6000
-0.0019,-0.0989,6000
-0.0081,-0.1026,6000
0.0119,-0.1014,6000
-0.0019,-0.0989,6000
-0.0019,-0.0989,6000
-0.0019,-0.0989,6000
-0.0056,-0.1076,6000
-0.0019,-0.0989,6000
-0.0019,-0.0989,6000
0.0044,-0.1039,6000
-0.0019,-0.0989,6000
-0.0019,-0.0989,6000
-0.0019,-0.0989,6000
-0.0019,-0.0989,6000
-0.0169,-0.1064,6000
-0.0081,-0.1026,6000
